site,treatment,plot,tree,year,Earlywood_Radius_mm,Earlywood_cumulative_radius_mm,Earlywood_BAI_mmsq,Earlywood_cumulative_BAI,Earlywood_cumularive_BAI_ha_m2,Latewood_radius_mm,Latewood_cumulative_radius,Latewood_BAI,Latewood_cumulative_BAI,Latewood_cumulative_BAI_ha_m2,Totalwood_radius_mm,Totalwood_cumulative_radius_mm,Totalwood_BAI,Totalwood_cumulative_BAI,Totalwood_cumulative_BAI_ha_m2Elkhorn,control,5,1,1988,0.134,0.134,0.05638184,0.05638184,94.7214912,0.0205,0.0205,0.001319585,0.001319585,2.2169028,0.1545,0.1545,0.074952585,0.074952585,125.9203428Elkhorn,control,5,1,1989,0.0655,0.1995,0.013471385,0.124972785,209.9542788,0.0195,0.04,0.001193985,0.005024,8.44032,0.085,0.2395,0.0226865,0.180111185,302.5867908Elkhorn,control,5,1,1990,0.0815,0.281,0.020856665,0.24793754,416.5350672,0.0165,0.0565,0.000854865,0.010023665,16.8397572,0.098,0.3375,0.03015656,0.357665625,600.87825Elkhorn,control,5,1,1991,0.093,0.374,0.02715786,0.43921064,737.8738752,0.015,0.0715,0.0007065,0.016052465,26.9681412,0.1075,0.445,0.036286625,0.6217985,1044.62148Elkhorn,control,5,1,1992,0.096,0.47,0.02893824,0.693626,1165.29168,0.0275,0.099,0.002374625,0.03077514,51.7022352,0.123,0.568,0.04750506,1.01303936,1701.906125Elkhorn,control,5,1,1993,0.1035,0.5735,0.033636465,1.032753065,1735.025149,0.0255,0.1245,0.002041785,0.048670785,81.7669188,0.128,0.696,0.05144576,1.52106624,2555.391283Elkhorn,control,5,1,1994,0.112,0.6855,0.03938816,1.475518185,2478.870551,0.022,0.1465,0.00151976,0.067391465,113.2176612,0.134,0.83,0.05638184,2.163146,3634.08528Elkhorn,control,5,1,1995,0.1205,0.806,0.045593585,2.03985704,3426.959827,0.0375,0.184,0.004415625,0.10630784,178.5971712,0.158,0.988,0.07838696,3.06509216,5149.354829Elkhorn,control,5,1,1996,0.1045,0.9105,0.034289585,2.603092185,4373.194871,0.0455,0.2295,0.006500585,0.165384585,277.8461028,0.1495,1.1375,0.070179785,4.062865625,6825.61425Elkhorn,control,5,1,1997,0.076,0.9865,0.01813664,3.055792265,5133.731005,0.035,0.2645,0.0038465,0.219675185,369.0543108,0.1105,1.248,0.038340185,4.89056256,8216.145101Elkhorn,control,5,1,1998,0.089,1.0755,0.02487194,3.632038785,6101.825159,0.0245,0.289,0.001884785,0.26225594,440.5899792,0.113,1.361,0.04009466,5.81628794,9771.363739Elkhorn,control,5,1,1999,0.054,1.1295,0.00915624,4.005918585,6729.943223,0.022,0.311,0.00151976,0.30370394,510.2226192,0.0755,1.4365,0.017898785,6.479491265,10885.54533Elkhorn,control,5,1,2000,0.061,1.1905,0.01168394,4.450291385,7476.489527,0.0265,0.3375,0.002205065,0.357665625,600.87825,0.081,1.5175,0.02060154,7.230811625,12147.76353Elkhorn,control,5,1,2001,0.053,1.2435,0.00882026,4.855357665,8157.000877,0.0215,0.359,0.001451465,0.40468634,679.8730512,0.094,1.6115,0.02774504,8.154367265,13699.33701Elkhorn,control,5,1,2002,0.0535,1.297,0.008987465,5.28213626,8873.988917,0.021,0.38,0.00138474,0.453416,761.73888,0.0745,1.686,0.017427785,8.92575144,14995.26242Elkhorn,control,5,1,2003,0.085,1.382,0.0226865,5.99716136,10075.23108,0.028,0.408,0.00246176,0.52269696,878.1308928,0.074,1.76,0.01719464,9.726464,16340.45952Elkhorn,control,5,1,2004,0.1055,1.4875,0.034948985,6.947740625,11672.20425,0.014,0.422,0.00061544,0.55918376,939.4287168,0.113,1.873,0.04009466,11.01552506,18506.0821Elkhorn,control,5,1,2005,0.095,1.5825,0.0283385,7.863521625,13210.71633,0.014,0.436,0.00061544,0.59690144,1002.794419,0.1195,1.9925,0.044839985,12.46597663,20942.84074Elkhorn,control,5,1,2006,0.063,1.6455,0.01246266,8.502084585,14283.5021,0.0135,0.4495,0.000572265,0.634437785,1065.855479,0.109,2.1015,0.03730634,13.86718907,23296.87764Elkhorn,control,5,1,2007,0.0595,1.705,0.011116385,9.1280585,15335.13828,0.0145,0.464,0.000660185,0.67602944,1135.729459,0.0755,2.177,0.017898785,14.88149306,25000.90834Elkhorn,control,5,1,2008,0.087,1.792,0.02376666,10.08336896,16940.05985,0.015,0.479,0.0007065,0.72044474,1210.347163,0.0735,2.2505,0.016963065,15.90331579,26717.57053Elkhorn,control,5,9,1988,0.136,0.136,0.05807744,0.05807744,97.5700992,0.0145,0.0145,0.000660185,0.000660185,1.1091108,0,0,0,0,0Elkhorn,control,5,9,1989,0.0575,0.1935,0.010381625,0.117568665,197.5153572,0.0355,0.05,0.003957185,0.00785,13.188,0.15,0.15,0.07065,0.07065,118.692Elkhorn,control,5,9,1990,0.1495,0.343,0.070179785,0.36941786,620.6220048,0.0195,0.0695,0.001193985,0.015166985,25.4805348,0.093,0.243,0.02715786,0.18541386,311.4952848Elkhorn,control,5,9,1991,0.337,0.68,0.35660666,1.451936,2439.25248,0.0375,0.107,0.004415625,0.03594986,60.3957648,0.169,0.412,0.08968154,0.53299616,895.4335488Elkhorn,control,5,9,1992,0.2475,0.9275,0.192344625,2.701204625,4538.02377,0.042,0.149,0.00553896,0.06971114,117.1147152,0.374,0.786,0.43921064,1.93987944,3258.997459Elkhorn,control,5,9,1993,0.1785,1.106,0.100047465,3.84096104,6452.814547,0.045,0.194,0.0063585,0.11817704,198.5374272,0.2895,1.0755,0.263164185,3.632038785,6101.825159Elkhorn,control,5,9,1994,0.2475,1.3535,0.192344625,5.752361465,9663.967261,0.0355,0.2295,0.003957185,0.165384585,277.8461028,0.2235,1.299,0.156850065,5.29843914,8901.377755Elkhorn,control,5,9,1995,0.236,1.5895,0.17488544,7.933242185,13327.84687,0.0315,0.261,0.003115665,0.21389994,359.3518992,0.283,1.582,0.25147946,7.85855336,13202.36964Elkhorn,control,5,9,1996,0.223,1.8125,0.15614906,10.31539063,17329.85626,0.056,0.317,0.00984704,0.31553546,530.0995728,0.2675,1.8495,0.224686625,10.74084179,18044.61421Elkhorn,control,5,9,1997,0.2145,2.027,0.144472185,12.90140906,21674.36722,0.0565,0.3735,0.010023665,0.438037065,735.9022692,0.2785,2.128,0.243545465,14.21912576,23888.13128Elkhorn,control,5,9,1998,0.206,2.233,0.13324904,15.65694746,26303.67173,0.0535,0.427,0.008987465,0.57251306,961.8219408,0.271,2.399,0.23060474,18.07133114,30359.83632Elkhorn,control,5,9,1999,0.282,2.515,0.24970536,19.8612065,33366.82692,0.077,0.504,0.01861706,0.79761024,1339.985203,0.259,2.658,0.21063434,22.18398696,37269.09809Elkhorn,control,5,9,2000,0.2055,2.7205,0.132602985,23.23951759,39042.38955,0.053,0.557,0.00882026,0.97418186,1636.625525,0.359,3.017,0.40468634,28.58118746,48016.39493Elkhorn,control,5,9,2001,0.247,2.9675,0.19156826,27.65101663,46453.70794,0.042,0.599,0.00553896,1.12663514,1892.747035,0.2585,3.2755,0.209821865,33.68874679,56597.09461Elkhorn,control,5,9,2002,0.1305,3.098,0.053474985,30.13647656,50629.28062,0.0335,0.6325,0.003523865,1.256176625,2110.37673,0.288,3.5635,0.26044416,39.87339127,66987.29733Elkhorn,control,5,9,2003,0.1295,3.2275,0.052658585,32.70861463,54950.47258,0.044,0.6765,0.00607904,1.437028065,2414.207149,0.1635,3.727,0.083939265,43.61626106,73275.31858Elkhorn,control,5,9,2004,0.124,3.3515,0.04828064,35.27021407,59253.95964,0.115,0.7915,0.0415265,1.967122865,3304.766413,0.173,3.9,0.09397706,47.7594,80235.792Elkhorn,control,5,9,2005,0.1785,3.53,0.100047465,39.127226,65733.73968,0.0515,0.843,0.008328065,2.23143786,3748.815605,0.239,4.139,0.17935994,53.79234794,90371.14454Elkhorn,control,5,9,2006,0.1525,3.6825,0.073024625,42.58093163,71535.96514,0.04,0.883,0.005024,2.44822346,4113.015413,0.23,4.369,0.166106,59.93682554,100693.8669Elkhorn,control,5,9,2007,0.1505,3.833,0.071121785,46.13253146,77502.65285,0.044,0.927,0.00607904,2.69829306,4533.132341,0.192,4.561,0.11575296,65.32054394,109738.5138Elkhorn,control,5,9,2008,0.1235,3.9565,0.047892065,49.15322167,82577.41241,0.0445,0.9715,0.006217985,2.963570465,4978.798381,0.1935,4.7545,0.117568665,70.98054859,119247.3216Elkhorn,control,5,17,1988,0.3185,0.3185,0.318528665,0.318528665,535.1281572,0.0715,0.0715,0.016052465,0.016052465,26.9681412,0,0,0,0,0Elkhorn,control,5,17,1989,0.224,0.5425,0.15755264,0.924121625,1552.52433,0.0585,0.13,0.010745865,0.053066,89.15088,0.39,0.39,0.477594,0.477594,802.35792Elkhorn,control,5,17,1990,0.1965,0.739,0.121242465,1.71481994,2880.897499,0.081,0.211,0.02060154,0.13979594,234.8571792,0.2825,0.6725,0.250591625,1.420084625,2385.74217Elkhorn,control,5,17,1991,0.55,1.289,0.94985,5.21717594,8764.855579,0.1055,0.3165,0.034948985,0.314540865,528.4286532,0.2775,0.95,0.241799625,2.83385,4760.868Elkhorn,control,5,17,1992,0.2485,1.5375,0.193902065,7.422665625,12470.07825,0.052,0.3685,0.00849056,0.426387665,716.3312772,0.6555,1.6055,1.349195985,8.093758985,13597.51509Elkhorn,control,5,17,1993,0.2845,1.822,0.254152385,10.42380776,17511.99704,0.0845,0.453,0.022420385,0.64435626,1082.518517,0.3005,1.906,0.283542785,11.40710504,19163.93647Elkhorn,control,5,17,1994,0.32,2.142,0.321536,14.40683496,24203.48273,0.1205,0.5735,0.045593585,1.032753065,1735.025149,0.369,2.275,0.42754554,16.2514625,27302.457Elkhorn,control,5,17,1995,0.3495,2.4915,0.383551785,19.49177687,32746.18514,0.164,0.7375,0.08445344,1.707865625,2869.21425,0.4405,2.7155,0.609286385,23.15417239,38899.00962Elkhorn,control,5,17,1996,0.3605,2.852,0.408075185,25.54045856,42907.97038,0.1535,0.891,0.073985465,2.49278634,4187.881051,0.5125,3.228,0.824740625,32.71874976,54967.4996Elkhorn,control,5,17,1997,0.2545,3.1065,0.203378585,30.30207467,50907.48545,0.0875,0.9785,0.024040625,3.006431465,5050.804861,0.514,3.742,0.82957544,43.96805096,73866.32561Elkhorn,control,5,17,1998,0.1785,3.285,0.100047465,33.8844465,56925.87012,0.0295,1.008,0.002732585,3.19044096,5359.940813,0.3415,4.0835,0.366193865,52.35941287,87963.81362Elkhorn,control,5,17,1999,0.0795,3.3645,0.019845585,35.54436119,59714.5268,0.0415,1.0495,0.005407865,3.458553785,5810.370359,0.2075,4.291,0.135196625,57.81581834,97130.57481Elkhorn,control,5,17,2000,0.1055,3.47,0.034948985,37.808426,63518.15568,0.0505,1.1,0.008007785,3.7994,6382.992,0.121,4.412,0.04597274,61.12243616,102685.6927Elkhorn,control,5,17,2001,0.1135,3.5835,0.040450265,40.32222287,67741.33442,0.0245,1.1245,0.001884785,3.970530785,6670.491719,0.156,4.568,0.07641504,65.52119936,110075.6149Elkhorn,control,5,17,2002,0.1175,3.701,0.043351625,43.00983914,72256.52976,0.0475,1.172,0.007084625,4.31305376,7245.930317,0.138,4.706,0.05979816,69.53980904,116826.8792Elkhorn,control,5,17,2003,0.121,3.822,0.04597274,45.86812776,77058.45464,0.0205,1.1925,0.001319585,4.465256625,7501.63113,0.165,4.871,0.0854865,74.50165274,125162.7766Elkhorn,control,5,17,2004,0.095,3.917,0.0283385,48.17667146,80936.80805,0.035,1.2275,0.0038465,4.731214625,7948.44057,0.1405,5.0115,0.061984385,78.86151527,132487.3457Elkhorn,control,5,17,2005,0.1065,4.0235,0.035614665,50.83205407,85397.85084,0.055,1.2825,0.0094985,5.164691625,8676.68193,0.129,5.1405,0.05225274,82.97368439,139395.7898Elkhorn,control,5,17,2006,0.1425,4.166,0.063761625,54.49644584,91554.02901,0.0485,1.331,0.007386065,5.56270154,9345.338587,0.1615,5.302,0.081898265,88.26918056,148292.2233Elkhorn,control,5,17,2007,0.088,4.254,0.02431616,56.82306024,95462.7412,0.0045,1.3355,6.36E-05,5.600379185,9408.637031,0.1905,5.4925,0.113951385,94.72612663,159139.8927Elkhorn,control,5,17,2008,0.056,4.31,0.00984704,58.328954,97992.64272,0.0185,1.354,0.001074665,5.75661224,9671.108563,0.092,5.5845,0.02657696,97.92605039,164515.7647Elkhorn,control,8,1,1988,0.136,0.136,0.05807744,0.05807744,97.5700992,0.0115,0.0115,0.000415265,0.000415265,0.6976452,0,0,0,0,0Elkhorn,control,8,1,1989,0.1425,0.2785,0.063761625,0.243545465,409.1563812,0.0135,0.025,0.000572265,0.0019625,3.297,0.147,0.147,0.06785226,0.06785226,113.9917968Elkhorn,control,8,1,1990,0.1915,0.47,0.115150865,0.693626,1165.29168,0.019,0.044,0.00113354,0.00607904,10.2127872,0.156,0.303,0.07641504,0.28828026,484.3108368Elkhorn,control,8,1,1991,0.215,0.685,0.1451465,1.4733665,2475.25572,0.0505,0.0945,0.008007785,0.028040985,47.1088548,0.2105,0.5135,0.139134185,0.827962265,1390.976605Elkhorn,control,8,1,1992,0.3555,1.0405,0.396833985,3.399490385,5711.143847,0.0535,0.148,0.008987465,0.06877856,115.5479808,0.2645,0.778,0.219675185,1.90059176,3192.994157Elkhorn,control,8,1,1993,0.3345,1.375,0.351335385,5.9365625,9973.425,0.059,0.207,0.01093034,0.13454586,226.0370448,0.4085,1.1865,0.523978865,4.420436265,7426.332925Elkhorn,control,8,1,1994,0.296,1.671,0.27511424,8.76763674,14729.62972,0.103,0.31,0.03331226,0.301754,506.94672,0.3935,1.58,0.486204665,7.838696,13169.00928Elkhorn,control,8,1,1995,0.3515,2.0225,0.387954065,12.84418963,21578.23858,0.0655,0.3755,0.013471385,0.442740785,743.8045188,0.3985,1.9785,0.498639065,12.29141147,20649.57127Elkhorn,control,8,1,1996,0.295,2.3175,0.2732585,16.86433163,28332.07714,0.0785,0.454,0.019349465,0.64720424,1087.303123,0.4165,2.395,0.544702865,18.0111185,30258.67908Elkhorn,control,8,1,1997,0.315,2.6325,0.3115665,21.76037663,36557.43274,0.0735,0.5275,0.016963065,0.873724625,1467.85737,0.373,2.768,0.43686506,24.05812736,40417.65396Elkhorn,control,8,1,1998,0.226,2.8585,0.16037864,25.65700987,43103.77658,0.083,0.6105,0.02163146,1.170310185,1966.121111,0.388,3.156,0.47270816,31.27545504,52542.76447Elkhorn,control,8,1,1999,0.2435,3.102,0.186177665,30.21434856,50760.10558,0.092,0.7025,0.02657696,1.549609625,2603.34417,0.3085,3.4645,0.298840865,37.68866719,63316.96088Elkhorn,control,8,1,2000,0.158,3.26,0.07838696,33.370664,56062.71552,0.0405,0.743,0.005150385,1.73343386,2912.168885,0.3355,3.8,0.353439185,45.3416,76173.888Elkhorn,control,8,1,2001,0.1985,3.4585,0.123723065,37.55823787,63097.83962,0.0295,0.7725,0.002732585,1.873814625,3148.00857,0.1985,3.9985,0.123723065,50.20232707,84339.90948Elkhorn,control,8,1,2002,0.219,3.6775,0.15059754,42.46537963,71341.83778,0.0405,0.813,0.005150385,2.07544266,3486.743669,0.228,4.2265,0.16322976,56.09076907,94232.49204Elkhorn,control,8,1,2003,0.229,3.9065,0.16466474,47.91873067,80503.46753,0.042,0.855,0.00553896,2.2954185,3856.30308,0.2595,4.486,0.211448385,63.18997544,106159.1587Elkhorn,control,8,1,2004,0.31,4.2165,0.301754,55.82565887,93787.1069,0.06,0.915,0.011304,2.6288865,4416.52932,0.271,4.757,0.23060474,71.05521386,119372.7593Elkhorn,control,8,1,2005,0.302,4.5185,0.28638056,64.10888467,107702.9262,0.074,0.989,0.01719464,3.07129994,5159.783899,0.37,5.127,0.429866,82.53844506,138664.5877Elkhorn,control,8,1,2006,0.208,4.7265,0.13584896,70.14697907,117846.9248,0.0715,1.0605,0.016052465,3.531433185,5932.807751,0.375,5.502,0.4415625,95.05409256,159690.8755Elkhorn,control,8,1,2007,0.237,4.9635,0.17637066,77.35808327,129961.5799,0.0565,1.117,0.010023665,3.91774346,6581.809013,0.279,5.781,0.24442074,104.9386775,176296.9782Elkhorn,control,8,1,2008,0.109,5.0725,0.03730634,80.79300463,135732.2478,0,1.117,0,3.91774346,6581.809013,0.293,6.074,0.26956586,115.8455146,194620.4645Elkhorn,control,8,3,1988,0.1715,0.1715,0.092354465,0.092354465,155.1555012,0.0215,0.0215,0.001451465,0.001451465,2.4384612,0,0,0,0,0Elkhorn,control,8,3,1989,0.193,0.3645,0.11696186,0.417181185,700.8643908,0.0305,0.052,0.002920985,0.00849056,14.2641408,0.1925,0.1925,0.116356625,0.116356625,195.47913Elkhorn,control,8,3,1990,0.2195,0.584,0.151285985,1.07091584,1799.138611,0.0605,0.1125,0.011493185,0.039740625,66.76425,0.2235,0.416,0.156850065,0.54339584,912.9050112Elkhorn,control,8,3,1991,0.346,0.93,0.37590824,2.715786,4562.52048,0.08,0.1925,0.020096,0.116356625,195.47913,0.28,0.696,0.246176,1.52106624,2555.391283Elkhorn,control,8,3,1992,0.3895,1.3195,0.476370185,5.466991985,9184.546535,0.0915,0.284,0.026288865,0.25325984,425.4765312,0.426,1.122,0.56983464,3.95289576,6640.864877Elkhorn,control,8,3,1993,0.4495,1.769,0.634437785,9.82619354,16508.00515,0.0705,0.3545,0.015606585,0.394604585,662.9357028,0.4805,1.6025,0.724963985,8.063539625,13546.74657Elkhorn,control,8,3,1994,0.3615,2.1305,0.410342265,14.25255499,23944.29238,0.0985,0.453,0.030465065,0.64435626,1082.518517,0.52,2.1225,0.849056,14.14571963,23764.80898Elkhorn,control,8,3,1995,0.312,2.4425,0.30566016,18.73263163,31470.82114,0.086,0.539,0.02322344,0.91223594,1532.556379,0.46,2.5825,0.664424,20.94162163,35181.92434Elkhorn,control,8,3,1996,0.2495,2.692,0.195465785,22.75515296,38228.65697,0.0965,0.6355,0.029240465,1.268121185,2130.443591,0.398,2.9805,0.49738856,27.89381399,46861.6075Elkhorn,control,8,3,1997,0.3035,2.9955,0.289232465,28.17528359,47334.47643,0.05,0.6855,0.00785,1.475518185,2478.870551,0.346,3.3265,0.37590824,34.74599107,58373.265Elkhorn,control,8,3,1998,0.199,3.1945,0.12434714,32.04316699,53832.52054,0.0675,0.753,0.014306625,1.78040826,2991.085877,0.3535,3.68,0.392381465,42.523136,71438.86848Elkhorn,control,8,3,1999,0.207,3.4015,0.13454586,36.33043507,61035.13092,0.0705,0.8235,0.015606585,2.129398065,3577.388749,0.266,3.946,0.22217384,48.89267624,82139.69608Elkhorn,control,8,3,2000,0.1915,3.593,0.115150865,40.53629786,68100.9804,0.104,0.9275,0.03396224,2.701204625,4538.02377,0.2775,4.2235,0.241799625,56.01117007,94098.76572Elkhorn,control,8,3,2001,0.2385,3.8315,0.178610265,46.09643167,77442.00521,0.0435,0.971,0.005941665,2.96052074,4973.674843,0.2955,4.519,0.274185585,64.12307354,107726.7635Elkhorn,control,8,3,2002,0.166,3.9975,0.08652584,50.17721963,84297.72898,0.071,1.042,0.01582874,3.40929896,5727.622253,0.2815,4.8005,0.248820665,72.36067279,121565.9303Elkhorn,control,8,3,2003,0.166,4.1635,0.08652584,54.43105927,91444.17957,0.059,1.101,0.01093034,3.80631114,6394.602715,0.237,5.0375,0.17637066,79.68191563,133865.6183Elkhorn,control,8,3,2004,0.201,4.3645,0.12685914,59.81342119,100486.5476,0.066,1.167,0.01367784,4.27633146,7184.236853,0.225,5.2625,0.1589625,86.95886563,146090.8943Elkhorn,control,8,3,2005,0.1675,4.532,0.088096625,64.49253536,108347.4594,0.0785,1.2455,0.019349465,4.870988585,8183.260823,0.2665,5.529,0.223009865,95.98930074,161262.0252Elkhorn,control,8,3,2006,0.0865,4.6185,0.023494265,66.97790267,112522.8765,0.053,1.2985,0.00882026,5.294361065,8894.526589,0.2455,5.7745,0.189248585,104.7028298,175900.7541Elkhorn,control,8,3,2007,0.1635,4.782,0.083939265,71.80402536,120630.7626,0.105,1.4035,0.0346185,6.185210465,10391.15358,0.139,5.9135,0.06066794,109.8041743,184471.0128Elkhorn,control,8,3,2008,0.1,4.882,0.0314,74.83852136,125728.7159,0,1.4035,0,6.185210465,10391.15358,0.2685,6.182,0.226369665,120.0017694,201602.9726Elkhorn,control,8,17,1988,0.1615,0.1615,0.081898265,0.081898265,137.5890852,0.0225,0.0225,0.001589625,0.001589625,2.67057,0,0,0,0,0Elkhorn,control,8,17,1989,0.085,0.2465,0.0226865,0.190793465,320.5330212,0.025,0.0475,0.0019625,0.007084625,11.90217,0.184,0.184,0.10630784,0.10630784,178.5971712Elkhorn,control,8,17,1990,0.099,0.3455,0.03077514,0.374822585,629.7019428,0.0285,0.076,0.002550465,0.01813664,30.4695552,0.109,0.293,0.03730634,0.26956586,452.8706448Elkhorn,control,8,17,1991,0.1165,0.462,0.042616865,0.67021416,1125.959789,0.028,0.104,0.00246176,0.03396224,57.0565632,0.1275,0.4205,0.051044625,0.555215585,932.7621828Elkhorn,control,8,17,1992,0.11,0.572,0.037994,1.02735776,1725.961037,0.0505,0.1545,0.008007785,0.074952585,125.9203428,0.1445,0.565,0.065563985,1.0023665,1683.97572Elkhorn,control,8,17,1993,0.181,0.753,0.10286954,1.78040826,2991.085877,0.048,0.2025,0.00723456,0.128759625,216.31617,0.1605,0.7255,0.080887185,1.652739785,2776.602839Elkhorn,control,8,17,1994,0.155,0.908,0.0754385,2.58881696,4349.212493,0.0435,0.246,0.005941665,0.19002024,319.2340032,0.2285,0.954,0.163946465,2.85776424,4801.043923Elkhorn,control,8,17,1995,0.1625,1.0705,0.082915625,3.598346585,6045.222263,0.0265,0.2725,0.002205065,0.233164625,391.71657,0.1985,1.1525,0.123723065,4.170724625,7006.81737Elkhorn,control,8,17,1996,0.1355,1.206,0.057651185,4.56692904,7672.440787,0.0145,0.287,0.000660185,0.25863866,434.5129488,0.1885,1.341,0.111571265,5.64660234,9486.291931Elkhorn,control,8,17,1997,0.1265,1.3325,0.050247065,5.575246625,9366.41433,0.029,0.316,0.00264074,0.31354784,526.7603712,0.15,1.491,0.07065,6.98047434,11727.19689Elkhorn,control,8,17,1998,0.182,1.5145,0.10400936,7.202250185,12099.78031,0.013,0.329,0.00053066,0.33987674,570.9929232,0.1555,1.6465,0.075925985,8.512421465,14300.86806Elkhorn,control,8,17,1999,0.101,1.6155,0.03203114,8.194898385,13767.42929,0.0275,0.3565,0.002374625,0.399069665,670.4370372,0.1945,1.841,0.118786985,10.64234234,17879.13513Elkhorn,control,8,17,2000,0.0965,1.712,0.029240465,9.20316416,15461.31579,0.011,0.3675,0.00037994,0.424076625,712.44873,0.1285,1.9695,0.051848465,12.17984099,20462.13286Elkhorn,control,8,17,2001,0.0655,1.7775,0.013471385,9.920849625,16667.02737,0.0205,0.388,0.001319585,0.47270816,794.1497088,0.107,2.0765,0.03594986,13.53921607,22745.883Elkhorn,control,8,17,2002,0.0825,1.86,0.021371625,10.863144,18250.08192,0.02,0.408,0.001256,0.52269696,878.1308928,0.085,2.1615,0.0226865,14.67033827,24646.16829Elkhorn,control,8,17,2003,0.083,1.943,0.02163146,11.85428186,19915.19352,0.0275,0.4355,0.002374625,0.595533185,1000.495751,0.1025,2.264,0.032989625,16.09468544,27039.07154Elkhorn,control,8,17,2004,0.1015,2.0445,0.032349065,13.12513799,22050.23182,0.022,0.4575,0.00151976,0.657221625,1104.13233,0.1105,2.3745,0.038340185,17.70410579,29742.89773Elkhorn,control,8,17,2005,0.1145,2.159,0.041166185,14.63642234,24589.18953,0.0215,0.479,0.001451465,0.72044474,1210.347163,0.1235,2.498,0.047892065,19.59361256,32917.2691Elkhorn,control,8,17,2006,0.1075,2.2665,0.036286625,16.13024987,27098.81978,0.0275,0.5065,0.002374625,0.805542665,1353.311677,0.1355,2.6335,0.057651185,21.77691187,36585.21194Elkhorn,control,8,17,2007,0.1035,2.37,0.033636465,17.637066,29630.27088,0.0235,0.53,0.001734065,0.882026,1481.80368,0.135,2.7685,0.0572265,24.06681967,40432.25705Elkhorn,control,8,17,2008,0.183,2.553,0.10515546,20.46592026,34382.74604,0.0425,0.5725,0.005671625,1.029154625,1728.97977,0.127,2.8955,0.05064506,26.32550959,44226.85611Elkhorn,control,24,11,1988,0.201,0.201,0.12685914,0.12685914,213.1233552,0.0165,0.0165,0.000854865,0.000854865,1.4361732,0.2175,0.2175,0.148541625,0.148541625,249.54993Elkhorn,control,24,11,1989,0.1835,0.3845,0.105730865,0.464218385,779.8868868,0.0485,0.065,0.007386065,0.0132665,22.28772,0.232,0.4495,0.16900736,0.634437785,1065.855479Elkhorn,control,24,11,1990,0.2155,0.6,0.145822385,1.1304,1899.072,0.0685,0.1335,0.014733665,0.055961865,94.0159332,0.2835,0.733,0.252368865,1.68708746,2834.306933Elkhorn,control,24,11,1991,0.3925,0.9925,0.483736625,3.093076625,5196.36873,0.0445,0.178,0.006217985,0.09948776,167.1394368,0.4365,1.1695,0.598271265,4.294672985,7215.050615Elkhorn,control,24,11,1992,0.4555,1.448,0.651487985,6.58365056,11060.53294,0.0495,0.2275,0.007693785,0.162514625,273.02457,0.505,1.6745,0.8007785,8.804403785,14791.39836Elkhorn,control,24,11,1993,0.3275,1.7755,0.336784625,9.898536785,16629.5418,0.0575,0.285,0.010381625,0.2550465,428.47812,0.385,2.0595,0.4654265,13.31843639,22374.97314Elkhorn,control,24,11,1994,0.3545,2.13,0.394604585,14.245866,23933.05488,0.084,0.369,0.02215584,0.42754554,718.2765072,0.4385,2.498,0.603766265,19.59361256,32917.2691Elkhorn,control,24,11,1995,0.4855,2.6155,0.740130185,21.48023839,36086.8005,0.124,0.493,0.04828064,0.76317386,1282.132085,0.6095,3.1075,1.166479385,30.32158663,50940.26554Elkhorn,control,24,11,1996,0.5905,3.206,1.094887385,32.27428904,54220.80559,0.118,0.611,0.04372136,1.17222794,1969.342939,0.708,3.8155,1.57396896,45.71224639,76796.57394Elkhorn,control,24,11,1997,0.622,3.828,1.21481576,46.01225376,77300.58632,0.153,0.764,0.07350426,1.83280544,3079.113139,0.775,4.5905,1.8859625,66.16824739,111162.6556Elkhorn,control,24,11,1998,0.5495,4.3775,0.948123785,60.17026963,101086.053,0.151,0.915,0.07159514,2.6288865,4416.52932,0.7,5.2905,1.5386,87.88668539,147649.6315Elkhorn,control,24,11,1999,0.542,4.9195,0.92241896,75.99264799,127667.6486,0.137,1.052,0.05893466,3.47505056,5838.084941,0.679,5.9695,1.44766874,111.893681,187981.3841Elkhorn,control,24,11,2000,0.3585,5.278,0.403559865,87.47187176,146952.7446,0.1415,1.1935,0.062869865,4.472748665,7514.217757,0.5,6.4695,0.785,131.422911,220790.4905Elkhorn,control,24,11,2001,0.303,5.581,0.28828026,97.80334154,164309.6138,0.129,1.3225,0.05225274,5.491879625,9226.35777,0.4315,6.901,0.584643665,149.5387351,251225.075Elkhorn,control,24,11,2002,0.337,5.918,0.35660666,109.9713534,184751.8737,0.116,1.4385,0.04225184,6.497546265,10915.87773,0.4525,7.3535,0.642934625,169.7922415,285250.9657Elkhorn,control,24,11,2003,0.3385,6.2565,0.359788265,122.9115077,206491.3329,0.117,1.5555,0.04298346,7.597481985,12763.76973,0.4555,7.809,0.651487985,191.4787103,321684.2333Elkhorn,control,24,11,2004,0.373,6.6295,0.43686506,138.0038486,231846.4656,0.089,1.6445,0.02487194,8.491753985,14266.14669,0.462,8.271,0.67021416,214.8056447,360873.4831Elkhorn,control,24,11,2005,0.32,6.9495,0.321536,151.6480278,254768.6867,0.11,1.7545,0.037994,9.665768585,16238.49122,0.4295,8.7005,0.579236585,237.6939188,399325.7836Elkhorn,control,24,11,2006,0.265,7.2145,0.2205065,163.4338922,274568.9389,0.099,1.8535,0.03077514,10.78735147,18122.75047,0.364,9.0645,0.41603744,257.9986032,433437.6534Elkhorn,control,24,11,2007,0.3375,7.552,0.357665625,179.0826906,300858.9202,0.0865,1.94,0.023494265,11.817704,19853.74272,0.4235,9.488,0.563166065,282.6695322,474884.8141Elkhorn,control,24,11,2008,0.1675,7.7195,0.088096625,187.114736,314352.7565,0.076,2.016,0.01813664,12.76176384,21439.76325,0.2435,9.7315,0.186177665,297.3645697,499572.4771Elkhorn,control,24,16,1988,0,0,0,0,0,0.012,0.012,0.00045216,0.00045216,0.7596288,0,0,0,0,0Elkhorn,control,24,16,1989,0.224,0.224,0.15755264,0.15755264,264.6884352,0.063,0.075,0.01246266,0.0176625,29.673,0,0,0,0,0Elkhorn,control,24,16,1990,0.151,0.375,0.07159514,0.4415625,741.825,0.0595,0.1345,0.011116385,0.056803385,95.4296868,0.236,0.236,0.17488544,0.17488544,293.8075392Elkhorn,control,24,16,1991,0.3525,0.7275,0.390164625,1.661864625,2791.93257,0.087,0.2215,0.02376666,0.154055465,258.8131812,0.2135,0.4495,0.143128265,0.634437785,1065.855479Elkhorn,control,24,16,1992,0.3505,1.078,0.385749785,3.64894376,6130.225517,0.0845,0.306,0.022420385,0.29401704,493.9486272,0.4115,0.861,0.531703265,2.32774794,3910.616539Elkhorn,control,24,16,1993,0.39,1.468,0.477594,6.76677536,11368.1826,0.075,0.381,0.0176625,0.45580554,765.7533072,0.4375,1.2985,0.601015625,5.294361065,8894.526589Elkhorn,control,24,16,1994,0.46,1.928,0.664424,11.67195776,19608.88904,0.091,0.472,0.02600234,0.69954176,1175.230157,0.4745,1.773,0.706971785,9.87068106,16582.74418Elkhorn,control,24,16,1995,0.4265,2.3545,0.571173065,17.40712459,29243.96931,0.1025,0.5745,0.032989625,1.036357785,1741.081079,0.5345,2.3075,0.897067385,16.71910663,28088.09914Elkhorn,control,24,16,1996,0.39,2.7445,0.477594,23.65135999,39734.28478,0.098,0.6725,0.03015656,1.420084625,2385.74217,0.517,2.8245,0.83928746,25.05029279,42084.49189Elkhorn,control,24,16,1997,0.4855,3.23,0.740130185,32.759306,55035.63408,0.1275,0.8,0.051044625,2.0096,3376.128,0.492,3.3165,0.76008096,34.53740087,58022.83346Elkhorn,control,24,16,1998,0.3255,3.5555,0.332683785,39.69456199,66686.86414,0.083,0.883,0.02163146,2.44822346,4113.015413,0.5835,3.9,1.069082865,47.7594,80235.792Elkhorn,control,24,16,1999,0.3665,3.922,0.421771865,48.29974376,81143.56952,0.1245,1.0075,0.048670785,3.187276625,5354.62473,0.4525,4.3525,0.642934625,59.48496463,99934.74058Elkhorn,control,24,16,2000,0.2815,4.2035,0.248820665,55.48195447,93209.68351,0.134,1.1415,0.05638184,4.091489865,6873.702973,0.449,4.8015,0.63302714,72.39082307,121616.5828Elkhorn,control,24,16,2001,0.376,4.5795,0.44392064,65.85151559,110630.5462,0.084,1.2255,0.02215584,4.715809785,7922.560439,0.406,5.2075,0.51758504,85.15069663,143053.1703Elkhorn,control,24,16,2002,0.358,4.9375,0.40243496,76.54976563,128603.6063,0.084,1.3095,0.02215584,5.384441385,9045.861527,0.51,5.7175,0.816714,102.6459916,172445.2659Elkhorn,control,24,16,2003,0.315,5.2525,0.3115665,86.62869463,145536.207,0.1135,1.423,0.040450265,6.35827706,10681.90546,0.4415,6.159,0.612055865,119.1105023,200105.6439Elkhorn,control,24,16,2004,0.3175,5.57,0.316531625,97.418186,163662.5525,0.1115,1.5345,0.039037265,7.393727385,12421.46201,0.3985,6.5575,0.498639065,135.0225316,226837.8531Elkhorn,control,24,16,2005,0.32,5.89,0.321536,108.933194,183007.7659,0.095,1.6295,0.0283385,8.337548585,14007.08162,0.4305,6.988,0.581936985,153.3329322,257599.3261Elkhorn,control,24,16,2006,0.2005,6.0905,0.126228785,116.4757574,195679.2724,0.1175,1.747,0.043351625,9.58330826,16099.95788,0.4315,7.4195,0.584643665,172.853798,290394.3806Elkhorn,control,24,16,2007,0.297,6.3875,0.27697626,128.1124906,215228.9842,0,1.747,0,9.58330826,16099.95788,0.295,7.7145,0.2732585,186.8724222,313945.6693Elkhorn,control,24,16,2008,0.125,6.5125,0.0490625,133.1757406,223735.2442,0,1.747,0,9.58330826,16099.95788,0.4145,8.129,0.539484185,207.4932127,348588.5973Elkhorn,control,24,18,1988,0.113,0.113,0.04009466,0.04009466,67.3590288,0.007,0.007,0.00015386,0.00015386,0.2584848,0,0,0,0,0Elkhorn,control,24,18,1989,0.0535,0.1665,0.008987465,0.087047865,146.2404132,0.0165,0.0235,0.000854865,0.001734065,2.9132292,0.1195,0.1195,0.044839985,0.044839985,75.3311748Elkhorn,control,24,18,1990,0.069,0.2355,0.01494954,0.174145185,292.5639108,0.011,0.0345,0.00037994,0.003737385,6.2788068,0.0695,0.189,0.015166985,0.11216394,188.4354192Elkhorn,control,24,18,1991,0.125,0.3605,0.0490625,0.408075185,685.5663108,0.018,0.0525,0.00101736,0.008654625,14.53977,0.0795,0.2685,0.019845585,0.226369665,380.3010372Elkhorn,control,24,18,1992,0.1195,0.48,0.044839985,0.723456,1215.40608,0.023,0.0755,0.00166106,0.017898785,30.0699588,0.1425,0.411,0.063761625,0.53041194,891.0920592Elkhorn,control,24,18,1993,0.1305,0.6105,0.053474985,1.170310185,1966.121111,0.0275,0.103,0.002374625,0.03331226,55.9645968,0.142,0.553,0.06331496,0.96024026,1613.203637Elkhorn,control,24,18,1994,0.135,0.7455,0.0572265,1.745118585,2931.799223,0.0205,0.1235,0.001319585,0.047892065,80.4586692,0.158,0.711,0.07838696,1.58733594,2666.724379Elkhorn,control,24,18,1995,0.111,0.8565,0.03868794,2.303479665,3869.845837,0.026,0.1495,0.00212264,0.070179785,117.9020388,0.155,0.866,0.0754385,2.35486184,3956.167891Elkhorn,control,24,18,1996,0.1675,1.024,0.088096625,3.29252864,5531.448115,0.0285,0.178,0.002550465,0.09948776,167.1394368,0.1365,1.0025,0.058505265,3.155719625,5301.60897Elkhorn,control,24,18,1997,0.141,1.165,0.06242634,4.2616865,7159.63332,0.0455,0.2235,0.006500585,0.156850065,263.5081092,0.195,1.1975,0.1193985,4.502779625,7564.66977Elkhorn,control,24,18,1998,0.1495,1.3145,0.070179785,5.425638185,9115.072151,0.0155,0.239,0.000754385,0.17935994,301.3246992,0.1855,1.383,0.108048185,6.00584346,10089.81701Elkhorn,control,24,18,1999,0.1385,1.453,0.060232265,6.62919626,11137.04972,0.027,0.266,0.00228906,0.22217384,373.2520512,0.165,1.548,0.0854865,7.52439456,12640.98286Elkhorn,control,24,18,2000,0.1015,1.5545,0.032349065,7.587716585,12747.36386,0.014,0.28,0.00061544,0.246176,413.57568,0.1655,1.7135,0.086005385,9.219298265,15488.42109Elkhorn,control,24,18,2001,0.122,1.6765,0.04673576,8.825448065,14826.75275,0.0345,0.3145,0.003737385,0.310578185,521.7713508,0.115,1.8285,0.0415265,10.49831447,17637.16831Elkhorn,control,24,18,2002,0.194,1.8705,0.11817704,10.98613859,18456.71283,0.0315,0.346,0.003115665,0.37590824,631.5258432,0.1565,1.985,0.076905665,12.3723065,20785.47492Elkhorn,control,24,18,2003,0.2165,2.087,0.147178865,13.67648666,22976.49759,0.06,0.406,0.011304,0.51758504,869.5428672,0.2255,2.2105,0.159669785,15.34301419,25776.26384Elkhorn,control,24,18,2004,0.138,2.225,0.05979816,15.5449625,26115.537,0.04,0.446,0.005024,0.62459624,1049.321683,0.2765,2.487,0.240060065,19.42143066,32628.00351Elkhorn,control,24,18,2005,0.146,2.371,0.06693224,17.65195274,29655.2806,0.0225,0.4685,0.001589625,0.689205665,1157.865517,0.1775,2.6645,0.098929625,22.29261919,37451.60024Elkhorn,control,24,18,2006,0.2675,2.6385,0.224686625,21.85968227,36724.26621,0.0505,0.519,0.008007785,0.84579354,1420.933147,0.1685,2.833,0.089151665,25.20129146,42338.16965Elkhorn,control,24,18,2007,0.083,2.7215,0.02163146,23.25660547,39071.09719,0,0.519,0,0.84579354,1420.933147,0.318,3.151,0.31752936,31.17643514,52376.41104Elkhorn,control,24,18,2008,0.0655,2.787,0.013471385,24.38953866,40974.42495,0,0.519,0,0.84579354,1420.933147,0.083,3.234,0.02163146,32.84049384,55172.02965Elkhorn,fertilizer,2,1,1988,0.157,0.157,0.07739786,0.07739786,130.0284048,0.0195,0.0195,0.001193985,0.001193985,2.0058948,0.0845,0.0845,0.022420385,0.022420385,37.6662468Elkhorn,fertilizer,2,1,1989,0.118,0.275,0.04372136,0.2374625,398.937,0.0415,0.061,0.005407865,0.01168394,19.6290192,0.1725,0.257,0.093434625,0.20739386,348.4216848Elkhorn,fertilizer,2,1,1990,0.2495,0.5245,0.195465785,0.863814785,1451.208839,0.051,0.112,0.00816714,0.03938816,66.1721088,0.236,0.493,0.17488544,0.76317386,1282.132085Elkhorn,fertilizer,2,1,1991,0.3165,0.841,0.314540865,2.22086234,3731.048731,0.07,0.182,0.015386,0.10400936,174.7357248,0.345,0.838,0.3737385,2.20504616,3704.477549Elkhorn,fertilizer,2,1,1992,0.308,1.149,0.29787296,4.14543114,6964.324315,0.0815,0.2635,0.020856665,0.218017265,366.2690052,0.359,1.197,0.40468634,4.49902026,7558.354037Elkhorn,fertilizer,2,1,1993,0.542,1.691,0.92241896,8.97877034,15084.33417,0.0735,0.337,0.016963065,0.35660666,599.0991888,0.523,1.72,0.85888106,9.289376,15606.15168Elkhorn,fertilizer,2,1,1994,0.5225,2.2135,0.857239625,15.38468827,25846.27629,0.082,0.419,0.02111336,0.55126154,926.1193872,0.5875,2.3075,1.083790625,16.71910663,28088.09914Elkhorn,fertilizer,2,1,1995,0.575,2.7885,1.0381625,24.41579927,41018.54277,0.163,0.582,0.08342666,1.06359336,1786.836845,0.687,2.9945,1.48198266,28.15647499,47302.87798Elkhorn,fertilizer,2,1,1996,0.697,3.4855,1.52544026,38.14695019,64086.87632,0.1085,0.6905,0.036964865,1.497121385,2515.163927,0.775,3.7695,1.8859625,44.61666899,74956.0039Elkhorn,fertilizer,2,1,1997,0.596,4.0815,1.11537824,52.30813667,87877.66961,0.1055,0.796,0.034948985,1.98955424,3342.451123,0.77,4.5395,1.861706,64.70616919,108706.3642Elkhorn,fertilizer,2,1,1998,0.474,4.5555,0.70548264,65.16310199,109474.0113,0.088,0.884,0.02431616,2.45377184,4122.336691,0.632,5.1715,1.25419136,83.97745447,141082.1235Elkhorn,fertilizer,2,1,1999,0.3605,4.916,0.408075185,75.88455584,127486.0538,0.066,0.95,0.01367784,2.83385,4760.868,0.485,5.6565,0.7386065,100.4674157,168785.2584Elkhorn,fertilizer,2,1,2000,0.293,5.209,0.26956586,85.19975834,143135.594,0.0885,1.0385,0.024593265,3.386434265,5689.209565,0.412,6.0685,0.53299616,115.6358137,194268.167Elkhorn,fertilizer,2,1,2001,0.292,5.501,0.26772896,95.01954314,159632.8325,0.0815,1.12,0.020856665,3.938816,6617.21088,0.3885,6.457,0.473927265,130.9155459,219938.1171Elkhorn,fertilizer,2,1,2002,0.315,5.816,0.3115665,106.2131878,178438.1555,0.084,1.204,0.02215584,4.55179424,7647.014323,0.388,6.845,0.47270816,147.1216385,247164.3527Elkhorn,fertilizer,2,1,2003,0.291,6.107,0.26589834,117.1077099,196740.9526,0.0685,1.2725,0.014733665,5.084464625,8541.90057,0.383,7.228,0.46060346,164.0461098,275597.4645Elkhorn,fertilizer,2,1,2004,0.271,6.378,0.23060474,127.7316958,214589.2489,0.0675,1.34,0.014306625,5.638184,9472.14912,0.34,7.568,0.362984,179.8423194,302135.0966Elkhorn,fertilizer,2,1,2005,0.219,6.597,0.15059754,136.6540843,229578.8616,0.075,1.415,0.0176625,6.2869865,10562.13732,0.345,7.913,0.3737385,196.6128867,330309.6497Elkhorn,fertilizer,2,1,2006,0.1305,6.7275,0.053474985,142.1140646,238751.6285,0.082,1.497,0.02111336,7.03676826,11821.77068,0.214,8.127,0.14379944,207.3911251,348417.0902Elkhorn,fertilizer,2,1,2007,0.168,6.8955,0.08862336,149.3004696,250824.7889,0.0645,1.5615,0.013063185,7.656206265,12862.42653,0.2035,8.3305,0.130034465,217.907303,366084.269Elkhorn,fertilizer,2,1,2008,0.108,7.0035,0.03662496,154.0138985,258743.3495,0,1.5615,0,7.656206265,12862.42653,0.177,8.5075,0.09837306,227.2655266,381806.0847Elkhorn,fertilizer,2,9,1988,0.3485,0.3485,0.381360065,0.381360065,640.6849092,0.0925,0.0925,0.026866625,0.026866625,45.13593,0.441,0.441,0.61067034,0.61067034,1025.926171Elkhorn,fertilizer,2,9,1989,0.227,0.5755,0.16180106,1.039968785,1747.147559,0.093,0.1855,0.02715786,0.108048185,181.5209508,0.32,0.761,0.321536,1.81843994,3054.979099Elkhorn,fertilizer,2,9,1990,0.223,0.7985,0.15614906,2.002071065,3363.479389,0.079,0.2645,0.01959674,0.219675185,369.0543108,0.302,1.063,0.28638056,3.54810266,5960.812469Elkhorn,fertilizer,2,9,1991,0.3,1.0985,0.2826,3.789045065,6365.595709,0.1235,0.388,0.047892065,0.47270816,794.1497088,0.423,1.486,0.56183706,6.93373544,11648.67554Elkhorn,fertilizer,2,9,1992,0.6075,1.706,1.158836625,9.13876904,15353.13199,0.1535,0.5415,0.073985465,0.920717865,1546.806013,0.7605,2.2465,1.816051185,15.84683347,26622.68023Elkhorn,fertilizer,2,9,1993,0.8075,2.5135,2.047456625,19.83752227,33327.03741,0.1555,0.697,0.075925985,1.52544026,2562.739637,0.962,3.2085,2.90589416,32.32464287,54305.40002Elkhorn,fertilizer,2,9,1994,0.7365,3.25,1.703237265,33.16625,55719.3,0.328,1.025,0.33781376,3.2989625,5542.257,1.0645,4.273,3.558123185,57.33178106,96317.39218Elkhorn,fertilizer,2,9,1995,0.8945,4.1445,2.512408985,53.93540399,90611.4787,0.223,1.248,0.15614906,4.89056256,8216.145101,1.1175,5.3905,3.921251625,91.24051939,153284.0726Elkhorn,fertilizer,2,9,1996,0.7475,4.892,1.754494625,75.14542496,126244.3139,0.3405,1.5885,0.364052385,7.923263265,13311.08229,1.088,6.4785,3.71695616,131.7888215,221405.2201Elkhorn,fertilizer,2,9,1997,0.654,5.546,1.34302824,96.58048424,162255.2135,0.1145,1.703,0.041166185,9.10665626,15299.18252,0.768,7.2465,1.85204736,164.8869335,277010.0483Elkhorn,fertilizer,2,9,1998,0.5175,6.0635,0.840911625,115.4453413,193948.1734,0.1575,1.8605,0.077891625,10.86898519,18259.89512,0.675,7.9215,1.4306625,197.0355095,331019.656Elkhorn,fertilizer,2,9,1999,0.5895,6.653,1.091182185,138.9839643,233493.06,0.1745,2.035,0.095613785,13.0034465,21845.79012,0.7635,8.685,1.830407265,236.8477665,397904.2477Elkhorn,fertilizer,2,9,2000,0.478,7.131,0.71743976,159.6726455,268250.0444,0.139,2.174,0.06066794,14.84050664,24932.05116,0.6165,9.3015,1.193426865,271.6662131,456399.238Elkhorn,fertilizer,2,9,2001,0.431,7.562,0.58328954,179.5572702,301656.2139,0.18,2.354,0.101736,17.39973224,29231.55016,0.611,9.9125,1.17222794,308.5290406,518328.7882Elkhorn,fertilizer,2,9,2002,0.3915,7.9535,0.481274865,198.6306295,333699.4576,0.214,2.568,0.14379944,20.70711936,34787.96052,0.6055,10.518,1.151218985,347.3729374,583586.5348Elkhorn,fertilizer,2,9,2003,0.3985,8.352,0.498639065,219.0335386,367976.3448,0.1155,2.6835,0.041888385,22.61168087,37987.62386,0.514,11.032,0.82957544,382.1537754,642018.3427Elkhorn,fertilizer,2,9,2004,0.37,8.722,0.429866,238.8701118,401301.7878,0.151,2.8345,0.07159514,25.22798539,42383.01546,0.521,11.553,0.85232474,419.1014803,704090.4869Elkhorn,fertilizer,2,9,2005,0.2125,8.9345,0.141790625,250.6514114,421094.3712,0.168,3.0025,0.08862336,28.30711963,47555.96098,0.3805,11.9335,0.454609985,447.1624459,751232.9091Elkhorn,fertilizer,2,9,2006,0.1895,9.124,0.112758185,261.3967606,439146.5578,0.0965,3.099,0.029240465,30.15593514,50661.97104,0.2855,12.219,0.255942185,468.8144375,787608.255Elkhorn,fertilizer,2,9,2007,0.213,9.337,0.14245866,273.7438467,459889.6625,0.132,3.231,0.05471136,32.77959354,55069.71715,0.345,12.564,0.3737385,495.6618614,832711.9272Elkhorn,fertilizer,2,9,2008,0.066,9.403,0.01367784,277.6275243,466414.2408,0,3.231,0,32.77959354,55069.71715,0.066,12.63,0.01367784,500.883066,841483.5509Elkhorn,fertilizer,2,15,1988,0,0,0,0,0,0,0,0,0,0,0,0,0,0,0Elkhorn,fertilizer,2,15,1989,0,0,0,0,0,0.0065,0.0065,0.000132665,0.000132665,0.2228772,0,0,0,0,0Elkhorn,fertilizer,2,15,1990,0.1545,0.1545,0.074952585,0.074952585,125.9203428,0.0145,0.021,0.000660185,0.00138474,2.3263632,0.168,0.168,0.08862336,0.08862336,148.8872448Elkhorn,fertilizer,2,15,1991,0.0415,0.196,0.005407865,0.12062624,202.6520832,0.0255,0.0465,0.002041785,0.006789465,11.4063012,0.06,0.228,0.011304,0.16322976,274.2259968Elkhorn,fertilizer,2,15,1992,0.086,0.282,0.02322344,0.24970536,419.5050048,0.0295,0.076,0.002732585,0.01813664,30.4695552,0.117,0.345,0.04298346,0.3737385,627.88068Elkhorn,fertilizer,2,15,1993,0.2035,0.4855,0.130034465,0.740130185,1243.418711,0.048,0.124,0.00723456,0.04828064,81.1114752,0.253,0.598,0.20098826,1.12287656,1886.432621Elkhorn,fertilizer,2,15,1994,0.2435,0.729,0.186177665,1.66872474,2803.457563,0.02,0.144,0.001256,0.06511104,109.3865472,0.269,0.867,0.22721354,2.36030346,3965.309813Elkhorn,fertilizer,2,15,1995,0.2645,0.9935,0.219675185,3.099312665,5206.845277,0.052,0.196,0.00849056,0.12062624,202.6520832,0.285,1.152,0.2550465,4.16710656,7000.739021Elkhorn,fertilizer,2,15,1996,0.204,1.1975,0.13067424,4.502779625,7564.66977,0.038,0.234,0.00453416,0.17193384,288.8488512,0.2505,1.4025,0.197035785,6.176399625,10376.35137Elkhorn,fertilizer,2,15,1997,0.224,1.4215,0.15755264,6.344879465,10659.3975,0.039,0.273,0.00477594,0.23402106,393.1553808,0.2615,1.664,0.214720265,8.69433344,14606.48018Elkhorn,fertilizer,2,15,1998,0.2475,1.669,0.192344625,8.74666154,14694.39139,0.052,0.325,0.00849056,0.3316625,557.193,0.297,1.961,0.27697626,12.07493594,20285.89238Elkhorn,fertilizer,2,15,1999,0.2285,1.8975,0.163946465,11.30558963,18993.39058,0.033,0.358,0.00341946,0.40243496,676.0907328,0.2685,2.2295,0.226369665,15.60790459,26221.27971Elkhorn,fertilizer,2,15,2000,0.2565,2.154,0.206587665,14.56870824,24475.42984,0.0375,0.3955,0.004415625,0.491159585,825.1481028,0.2905,2.52,0.264985385,19.940256,33499.63008Elkhorn,fertilizer,2,15,2001,0.1895,2.3435,0.112758185,17.24485567,28971.35753,0.037,0.4325,0.00429866,0.587356625,986.75913,0.227,2.747,0.16180106,23.69446826,39806.70668Elkhorn,fertilizer,2,15,2002,0.224,2.5675,0.15755264,20.69905663,34774.41514,0.0235,0.456,0.001734065,0.65291904,1096.903987,0.262,3.009,0.21554216,28.42981434,47762.08809Elkhorn,fertilizer,2,15,2003,0.233,2.8005,0.17046746,24.62639279,41372.33989,0.026,0.482,0.00212264,0.72949736,1225.555565,0.253,3.262,0.20098826,33.41162216,56131.52523Elkhorn,fertilizer,2,15,2004,0.209,3.0095,0.13715834,28.43926339,47777.9625,0.0225,0.5045,0.001589625,0.799193585,1342.645223,0.2365,3.4985,0.175627265,38.43203707,64565.82228Elkhorn,fertilizer,2,15,2005,0.292,3.3015,0.26772896,34.22569307,57499.16436,0.0185,0.523,0.001074665,0.85888106,1442.920181,0.3105,3.809,0.302728185,45.55663034,76535.13897Elkhorn,fertilizer,2,15,2006,0.182,3.4835,0.10400936,38.10318487,64013.35058,0.0235,0.5465,0.001734065,0.937799465,1575.503101,0.2055,4.0145,0.132602985,50.60490019,85016.23232Elkhorn,fertilizer,2,15,2007,0.1535,3.637,0.073985465,41.53519466,69779.12703,0.031,0.5775,0.00301754,1.047209625,1759.31217,0.18,4.1945,0.101736,55.24462699,92810.97334Elkhorn,fertilizer,2,15,2008,0.147,3.784,0.06785226,44.96057984,75533.77413,0,0.5775,0,1.047209625,1759.31217,0.162,4.3565,0.08240616,59.59434967,100118.5074Elkhorn,fertilizer,11,4,1988,0.1255,0.1255,0.049455785,0.049455785,83.0857188,0.0145,0.0145,0.000660185,0.000660185,1.1091108,0.068,0.068,0.01451936,0.01451936,24.3925248Elkhorn,fertilizer,11,4,1989,0.082,0.2075,0.02111336,0.135196625,227.13033,0.0095,0.024,0.000283385,0.00180864,3.0385152,0.1075,0.1755,0.036286625,0.096712785,162.4774788Elkhorn,fertilizer,11,4,1990,0.0845,0.292,0.022420385,0.26772896,449.7846528,0.041,0.065,0.00527834,0.0132665,22.28772,0.1535,0.329,0.073985465,0.33987674,570.9929232Elkhorn,fertilizer,11,4,1991,0.156,0.448,0.07641504,0.63021056,1058.753741,0.0445,0.1095,0.006217985,0.037649385,63.2509668,0.16,0.489,0.080384,0.75083994,1261.411099Elkhorn,fertilizer,11,4,1992,0.1715,0.6195,0.092354465,1.205069985,2024.517575,0.0745,0.184,0.017427785,0.10630784,178.5971712,0.2275,0.7165,0.162514625,1.611988865,2708.141293Elkhorn,fertilizer,11,4,1993,0.129,0.7485,0.05225274,1.759192065,2955.442669,0.044,0.228,0.00607904,0.16322976,274.2259968,0.197,0.9135,0.12186026,2.620274265,4402.060765Elkhorn,fertilizer,11,4,1994,0.161,0.9095,0.08139194,2.597377385,4363.594007,0.064,0.292,0.01286144,0.26772896,449.7846528,0.238,1.1515,0.17786216,4.163490065,6994.663309Elkhorn,fertilizer,11,4,1995,0.0915,1.001,0.026288865,3.14628314,5285.755675,0.0435,0.3355,0.005941665,0.353439185,593.7778308,0.137,1.2885,0.05893466,5.213129265,8758.057165Elkhorn,fertilizer,11,4,1996,0.1475,1.1485,0.068314625,4.141824065,6958.264429,0.0535,0.389,0.008987465,0.47514794,798.2485392,0.1795,1.468,0.101171585,6.76677536,11368.1826Elkhorn,fertilizer,11,4,1997,0.1725,1.321,0.093434625,5.47942874,9205.440283,0.067,0.456,0.01409546,0.65291904,1096.903987,0.2425,1.7105,0.184651625,9.187044185,15434.23423Elkhorn,fertilizer,11,4,1998,0.236,1.557,0.17488544,7.61214186,12788.39832,0.0535,0.5095,0.008987465,0.815113385,1369.390487,0.283,1.9935,0.25147946,12.47849267,20963.86769Elkhorn,fertilizer,11,4,1999,0.1535,1.7105,0.073985465,9.187044185,15434.23423,0.0465,0.556,0.006789465,0.97068704,1630.754227,0.2175,2.211,0.148541625,15.34995594,25787.92598Elkhorn,fertilizer,11,4,2000,0.188,1.8985,0.11098016,11.31750907,19013.41524,0.0535,0.6095,0.008987465,1.166479385,1959.685367,0.2435,2.4545,0.186177665,18.91715059,31780.81299Elkhorn,fertilizer,11,4,2001,0.176,2.0745,0.09726464,13.51314779,22702.08829,0.0745,0.684,0.017427785,1.46906784,2468.033971,0.221,2.6755,0.15336074,22.47706279,37761.46549Elkhorn,fertilizer,11,4,2002,0.1365,2.211,0.058505265,15.34995594,25787.92598,0.075,0.759,0.0176625,1.80889434,3038.942491,0.2275,2.903,0.162514625,26.46206426,44456.26796Elkhorn,fertilizer,11,4,2003,0.179,2.39,0.10060874,17.935994,30132.46992,0.0915,0.8505,0.026288865,2.271319785,3815.817239,0.2535,3.1565,0.201783465,31.28536567,52559.41433Elkhorn,fertilizer,11,4,2004,0.1745,2.5645,0.095613785,20.65071319,34693.19816,0.078,0.9285,0.01910376,2.707032465,4547.814541,0.2615,3.418,0.214720265,36.68375336,61628.70564Elkhorn,fertilizer,11,4,2005,0.248,2.8125,0.19312256,24.83789063,41727.65626,0.0225,0.951,0.001589625,2.83981914,4770.896155,0.2765,3.6945,0.240060065,42.85889699,72002.94694Elkhorn,fertilizer,11,4,2006,0.196,3.0085,0.12062624,28.42036687,47746.21634,0.045,0.996,0.0063585,3.11493024,5233.082803,0.252,3.9465,0.19940256,48.90506747,82160.51335Elkhorn,fertilizer,11,4,2007,0.1195,3.128,0.044839985,30.72296576,51614.58248,0.104,1.1,0.03396224,3.7994,6382.992,0.2465,4.193,0.190793465,55.20512186,92744.60472Elkhorn,fertilizer,11,4,2008,0.1345,3.2625,0.056803385,33.42186563,56148.73426,0,1.1,0,3.7994,6382.992,0.1225,4.3155,0.047119625,58.47791639,98242.89954Elkhorn,fertilizer,11,9,1988,0.169,0.169,0.08968154,0.08968154,150.6649872,0.0845,0.0845,0.022420385,0.022420385,37.6662468,0.2535,0.2535,0.201783465,0.201783465,338.9962212Elkhorn,fertilizer,11,9,1989,0.238,0.407,0.17786216,0.52013786,873.8316048,0.0925,0.177,0.026866625,0.09837306,165.2667408,0.3305,0.584,0.342982985,1.07091584,1799.138611Elkhorn,fertilizer,11,9,1990,0.3835,0.7905,0.461806865,1.962155385,3296.421047,0.097,0.274,0.02954426,0.23573864,396.0409152,0.48,1.064,0.723456,3.55478144,5972.032819Elkhorn,fertilizer,11,9,1991,0.57,1.3605,1.020186,5.812015185,9764.185511,0.171,0.445,0.09181674,0.6217985,1044.62148,0.7405,1.8045,1.721788385,10.22453159,17177.21307Elkhorn,fertilizer,11,9,1992,0.625,1.9855,1.2265625,12.37854019,20795.94752,0.081,0.526,0.02060154,0.86876264,1459.521235,0.706,2.5105,1.56508904,19.79019619,33247.5296Elkhorn,fertilizer,11,9,1993,0.5215,2.507,0.853961465,19.73505386,33154.89048,0.1155,0.6415,0.041888385,1.292179865,2170.862173,0.637,3.1475,1.27411466,31.10721463,52260.12058Elkhorn,fertilizer,11,9,1994,0.7025,3.2095,1.549609625,32.34479539,54339.25626,0.1435,0.785,0.064659665,1.9349465,3250.71012,0.846,3.9935,2.24734824,50.07685267,84129.11249Elkhorn,fertilizer,11,9,1995,0.776,3.9855,1.89083264,49.87642019,83792.38592,0.171,0.956,0.09181674,2.86975904,4821.195187,0.947,4.9405,2.81598026,76.64281639,128759.9315Elkhorn,fertilizer,11,9,1996,0.5925,4.578,1.102316625,65.80838376,110558.0847,0.1295,1.0855,0.052658585,3.699894185,6215.822231,0.722,5.6625,1.63683176,100.6806656,169143.5182Elkhorn,fertilizer,11,9,1997,0.5835,5.1615,1.069082865,83.65299827,140537.0371,0.123,1.2085,0.04750506,4.585882865,7704.283213,0.706,6.3685,1.56508904,127.3514677,213950.4657Elkhorn,fertilizer,11,9,1998,0.64,5.8015,1.286144,105.6842431,177549.5284,0.0815,1.29,0.020856665,5.225274,8778.46032,0.724,7.0925,1.64591264,157.9531666,265361.3199Elkhorn,fertilizer,11,9,1999,0.553,6.3545,0.96024026,126.7921646,213010.8365,0.103,1.393,0.03331226,6.09300986,10236.25656,0.656,7.7485,1.35125504,188.5232521,316719.0635Elkhorn,fertilizer,11,9,2000,0.299,6.6535,0.28071914,139.0048555,233528.1572,0.0805,1.4735,0.020347985,6.817575065,11453.52611,0.379,8.1275,0.45103274,207.4166446,348459.9629Elkhorn,fertilizer,11,9,2001,0.2865,6.94,0.257738265,151.233704,254072.6227,0.086,1.5595,0.02322344,7.636606385,12829.49873,0.372,8.4995,0.43452576,226.8383108,381088.3621Elkhorn,fertilizer,11,9,2002,0.247,7.187,0.19156826,162.1903227,272479.7421,0.0855,1.645,0.022954185,8.4969185,14274.82308,0.3325,8.832,0.347146625,244.9332634,411487.8825Elkhorn,fertilizer,11,9,2003,0.202,7.389,0.12812456,171.4355879,288011.7877,0.086,1.731,0.02322344,9.40857354,15806.40355,0.288,9.12,0.26044416,261.167616,438761.5949Elkhorn,fertilizer,11,9,2004,0.181,7.57,0.10286954,179.937386,302294.8085,0.052,1.783,0.00849056,9.98233946,16770.33029,0.2325,9.3525,0.169736625,274.6534646,461417.8205Elkhorn,fertilizer,11,9,2005,0.1765,7.7465,0.097818065,188.4259435,316555.5851,0.0475,1.8305,0.007084625,10.52129299,17675.77222,0.224,9.5765,0.15755264,287.9673661,483785.175Elkhorn,fertilizer,11,9,2006,0.122,7.8685,0.04673576,194.4077377,326604.9993,0.0315,1.862,0.003115665,10.88651816,18289.35051,0.1535,9.73,0.073985465,297.272906,499418.4821Elkhorn,fertilizer,11,9,2007,0.1095,7.978,0.037649385,199.8562398,335758.4829,0.016,1.878,0.00080384,11.07441576,18605.01848,0.1255,9.8555,0.049455785,304.990964,512384.8195Elkhorn,fertilizer,11,9,2008,0.05,8.028,0.00785,202.3691818,339980.2254,0.0275,1.9055,0.002374625,11.40112099,19153.88326,0.0775,9.933,0.018859625,309.8064955,520474.9124Elkhorn,fertilizer,11,10,1988,0,0,0,0,0,0,0,0,0,0,0,0,0,0,0Elkhorn,fertilizer,11,10,1989,0,0,0,0,0,0,0,0,0,0,0,0,0,0,0Elkhorn,fertilizer,11,10,1990,0.263,0.263,0.21719066,0.21719066,364.8803088,0.065,0.065,0.0132665,0.0132665,22.28772,0.327,0.327,0.33575706,0.33575706,564.0718608Elkhorn,fertilizer,11,10,1991,0.3395,0.6025,0.361917185,1.139839625,1914.93057,0.1145,0.1795,0.041166185,0.101171585,169.9682628,0.4535,0.7805,0.645779465,1.912825985,3213.547655Elkhorn,fertilizer,11,10,1992,0.214,0.8165,0.14379944,2.093350865,3516.829453,0.033,0.2125,0.00341946,0.141790625,238.20825,0.247,1.0275,0.19156826,3.315074625,5569.32537Elkhorn,fertilizer,11,10,1993,0.3095,1.126,0.300781385,3.98113064,6688.299475,0.126,0.3385,0.04985064,0.359788265,604.4442852,0.435,1.4625,0.5941665,6.716165625,11283.15825Elkhorn,fertilizer,11,10,1994,0.518,1.644,0.84253736,8.48659104,14257.47295,0.1825,0.521,0.104581625,0.85232474,1431.905563,0.7005,2.163,1.540798785,14.69070666,24680.38719Elkhorn,fertilizer,11,10,1995,0.6245,2.2685,1.224600785,16.15872967,27146.66585,0.109,0.63,0.03730634,1.246266,2093.72688,0.7335,2.8965,1.689389865,26.34369647,44257.41007Elkhorn,fertilizer,11,10,1996,0.487,2.7555,0.74471066,23.84132999,40053.43438,0.159,0.789,0.07938234,1.95471594,3283.922779,0.646,3.5425,1.31037224,39.40482163,66200.10034Elkhorn,fertilizer,11,10,1997,0.5685,3.324,1.014823665,34.69378464,58285.5582,0.114,0.903,0.04080744,2.56038426,4301.445557,0.6825,4.225,1.462631625,56.0509625,94165.617Elkhorn,fertilizer,11,10,1998,0.499,3.823,0.78186314,45.89213306,77098.78354,0.125,1.028,0.0490625,3.31830176,5574.746957,0.624,4.849,1.22264064,73.83019514,124034.7278Elkhorn,fertilizer,11,10,1999,0.427,4.25,0.57251306,56.71625,95283.3,0.134,1.162,0.05638184,4.23976616,7122.807149,0.56,5.409,0.984704,91.86786234,154338.0087Elkhorn,fertilizer,11,10,2000,0.2315,4.4815,0.168279665,63.06326467,105946.2846,0.141,1.303,0.06242634,5.33112026,8956.282037,0.3725,5.7815,0.435694625,104.9568307,176327.4756Elkhorn,fertilizer,11,10,2001,0.207,4.6885,0.13454586,69.02358127,115959.6165,0.1005,1.4035,0.031714785,6.185210465,10391.15358,0.3075,6.089,0.296906625,116.4183919,195582.8984Elkhorn,fertilizer,11,10,2002,0.166,4.8545,0.08652584,73.99777459,124316.2613,0.105,1.5085,0.0346185,7.145296865,12004.09873,0.2705,6.3595,0.229754585,126.9917744,213346.181Elkhorn,fertilizer,11,10,2003,0.184,5.0385,0.10630784,79.71355427,133918.7712,0.08,1.5885,0.020096,7.923263265,13311.08229,0.2635,6.623,0.218017265,137.7333651,231392.0534Elkhorn,fertilizer,11,10,2004,0.193,5.2315,0.11696186,85.93737967,144374.7978,0.098,1.6865,0.03015656,8.931046265,15004.15773,0.291,6.914,0.26589834,150.1026634,252172.4745Elkhorn,fertilizer,11,10,2005,0.1255,5.357,0.049455785,90.10998986,151384.783,0.055,1.7415,0.0094985,9.523061865,15998.74393,0.18,7.094,0.101736,158.019985,265473.5748Elkhorn,fertilizer,11,10,2006,0.1145,5.4715,0.041166185,94.00316047,157925.3096,0.038,1.7795,0.00453416,9.943187585,16704.55514,0.152,7.246,0.07254656,164.8641802,276971.8227Elkhorn,fertilizer,11,10,2007,0.1045,5.576,0.034289585,97.62817664,164015.3368,0.036,1.8155,0.00406944,10.34956639,17387.27154,0.1405,7.3865,0.061984385,171.3196003,287816.9285Elkhorn,fertilizer,11,10,2008,0.0505,5.6265,0.008007785,99.40455707,166999.6559,0,1.8155,0,10.34956639,17387.27154,0.0505,7.437,0.008007785,173.6701627,291765.8733Elkhorn,fertilizer,14,3,1988,0.1675,0.1675,0.088096625,0.088096625,148.00233,0.052,0.052,0.00849056,0.00849056,14.2641408,0.2195,0.2195,0.151285985,0.151285985,254.1604548Elkhorn,fertilizer,14,3,1989,0.103,0.2705,0.03331226,0.229754585,385.9877028,0.0735,0.1255,0.016963065,0.049455785,83.0857188,0.1765,0.396,0.097818065,0.49240224,827.2357632Elkhorn,fertilizer,14,3,1990,0.157,0.4275,0.07739786,0.573854625,964.07577,0.057,0.1825,0.01020186,0.104581625,175.69713,0.2135,0.6095,0.143128265,1.166479385,1959.685367Elkhorn,fertilizer,14,3,1991,0.187,0.6145,0.10980266,1.185696185,1991.969591,0.141,0.3235,0.06242634,0.328608065,552.0615492,0.3275,0.937,0.336784625,2.75682266,4631.462069Elkhorn,fertilizer,14,3,1992,0.4575,1.072,0.657221625,3.60843776,6062.175437,0.0445,0.368,0.006217985,0.42523136,714.3886848,0.502,1.439,0.79129256,6.50206394,10923.46742Elkhorn,fertilizer,14,3,1993,0.457,1.529,0.65578586,7.34082074,12332.57884,0.047,0.415,0.00693626,0.5407865,908.52132,0.504,1.943,0.79761024,11.85428186,19915.19352Elkhorn,fertilizer,14,3,1994,0.4835,2.0125,0.734044865,12.71749063,21365.38426,0.0415,0.4565,0.005407865,0.654351665,1099.310797,0.5245,2.4675,0.863814785,19.11806663,32118.35194Elkhorn,fertilizer,14,3,1995,0.508,2.5205,0.81032096,19.94816959,33512.92491,0.056,0.5125,0.00984704,0.824740625,1385.56425,0.5635,3.031,0.997051265,28.84705754,48463.05667Elkhorn,fertilizer,14,3,1996,0.503,3.0235,0.79444826,28.70447407,48223.51644,0.089,0.6015,0.02487194,1.136059065,1908.579229,0.5915,3.6225,1.098598865,41.20466963,69223.84498Elkhorn,fertilizer,14,3,1997,0.4755,3.499,0.709954785,38.44302314,64584.27888,0.1045,0.706,0.034289585,1.56508904,2629.349587,0.58,4.2025,1.056296,55.45555963,93165.34018Elkhorn,fertilizer,14,3,1998,0.601,4.1,1.13417114,52.7834,88676.112,0.1005,0.8065,0.031714785,2.042388665,3431.212957,0.701,4.9035,1.54299914,75.49914047,126838.556Elkhorn,fertilizer,14,3,1999,0.5655,4.6655,1.004141385,68.34803539,114824.6995,0.1125,0.919,0.039740625,2.65192154,4455.228187,0.678,5.5815,1.44340776,97.82086667,164339.056Elkhorn,fertilizer,14,3,2000,0.3975,5.063,0.496139625,80.49066266,135224.3133,0.099,1.018,0.03077514,3.25405736,5466.816365,0.496,6.0775,0.77249024,115.9790596,194844.8201Elkhorn,fertilizer,14,3,2001,0.43,5.493,0.580586,94.74337386,159168.8681,0.157,1.175,0.07739786,4.3351625,7283.073,0.587,6.6645,1.08194666,139.4648592,234300.9635Elkhorn,fertilizer,14,3,2002,0.4075,5.9005,0.521416625,109.3219268,183660.837,0.107,1.282,0.03594986,5.16066536,8669.917805,0.5145,7.179,0.831190185,161.8294487,271873.4738Elkhorn,fertilizer,14,3,2003,0.3645,6.265,0.417181185,123.2457065,207052.7869,0.118,1.4,0.04372136,6.1544,10339.392,0.482,7.661,0.72949736,184.2894919,309606.3464Elkhorn,fertilizer,14,3,2004,0.287,6.552,0.25863866,134.7961306,226457.4994,0.0925,1.4925,0.026866625,6.994526625,11750.80473,0.379,8.04,0.45103274,202.974624,340997.3683Elkhorn,fertilizer,14,3,2005,0.2755,6.8275,0.238326785,146.3703346,245902.1621,0.095,1.5875,0.0283385,7.913290625,13294.32825,0.357,8.397,0.40018986,221.4001723,371952.2895Elkhorn,fertilizer,14,3,2006,0.1615,6.989,0.081898265,153.3768199,257673.0574,0.067,1.6545,0.01409546,8.595342585,14440.17554,0.2285,8.6255,0.163946465,233.6136458,392470.9249Elkhorn,fertilizer,14,3,2007,0.133,7.122,0.05554346,159.2698558,267573.3577,0.0405,1.695,0.005150385,9.0212985,15155.78148,0.1735,8.799,0.094521065,243.1063391,408418.6497Elkhorn,fertilizer,14,3,2008,0.076,7.198,0.01813664,162.6871806,273314.4634,0.0055,1.7005,9.50E-05,9.079938785,15254.29716,0.081,8.88,0.02060154,247.602816,415972.7309Elkhorn,fertilizer,14,5,1988,0,0,0,0,0,0,0,0,0,0,0,0,0,0,0Elkhorn,fertilizer,14,5,1989,0.161,0.161,0.08139194,0.08139194,136.7384592,0.0335,0.0335,0.003523865,0.003523865,5.9200932,0.194,0.194,0.11817704,0.11817704,198.5374272Elkhorn,fertilizer,14,5,1990,0.151,0.312,0.07159514,0.30566016,513.5090688,0.043,0.0765,0.00580586,0.018376065,30.8717892,0.1935,0.3875,0.117568665,0.471490625,792.10425Elkhorn,fertilizer,14,5,1991,0.1815,0.4935,0.103438665,0.764722665,1284.734077,0.061,0.1375,0.01168394,0.059365625,99.73425,0.2425,0.63,0.184651625,1.246266,2093.72688Elkhorn,fertilizer,14,5,1992,0.275,0.7685,0.2374625,1.854459665,3115.492237,0.0365,0.174,0.004183265,0.09506664,159.7119552,0.3115,0.9415,0.304681265,2.783365865,4676.054653Elkhorn,fertilizer,14,5,1993,0.369,1.1375,0.42754554,4.062865625,6825.61425,0.049,0.223,0.00753914,0.15614906,262.3304208,0.418,1.3595,0.54863336,5.803474385,9749.836967Elkhorn,fertilizer,14,5,1994,0.369,1.5065,0.42754554,7.126362665,11972.28928,0.043,0.266,0.00580586,0.22217384,373.2520512,0.4115,1.771,0.531703265,9.84842474,16545.35356Elkhorn,fertilizer,14,5,1995,0.37,1.8765,0.429866,11.05673207,18575.30988,0.0495,0.3155,0.007693785,0.312556385,525.0947268,0.419,2.19,0.55126154,15.059754,25300.38672Elkhorn,fertilizer,14,5,1996,0.421,2.2975,0.55653674,16.57450963,27845.17618,0.0895,0.405,0.025152185,0.5150385,865.26468,0.5105,2.7005,0.818316185,22.89907879,38470.45237Elkhorn,fertilizer,14,5,1997,0.3995,2.697,0.501144785,22.83976026,38370.79724,0.0695,0.4745,0.015166985,0.706971785,1187.712599,0.4685,3.169,0.689205665,31.53364154,52976.51779Elkhorn,fertilizer,14,5,1998,0.4305,3.1275,0.581936985,30.71314463,51598.08298,0.094,0.5685,0.02774504,1.014823665,1704.903757,0.5245,3.6935,0.863814785,42.83569867,71963.97377Elkhorn,fertilizer,14,5,1999,0.385,3.5125,0.4654265,38.74024063,65083.60426,0.096,0.6645,0.02893824,1.386499185,2329.318631,0.481,4.1745,0.72647354,54.71905379,91928.01037Elkhorn,fertilizer,14,5,2000,0.2565,3.769,0.206587665,44.60483354,74936.12035,0.0815,0.746,0.020856665,1.74746024,2935.733203,0.338,4.5125,0.35872616,63.93874063,107417.0843Elkhorn,fertilizer,14,5,2001,0.2885,4.0575,0.261349265,51.69478163,86847.23314,0.062,0.808,0.01207016,2.04999296,3443.988173,0.3495,4.862,0.383551785,74.22659816,124700.6849Elkhorn,fertilizer,14,5,2002,0.3005,4.358,0.283542785,59.63539496,100187.4635,0.07,0.878,0.015386,2.42057576,4066.567277,0.3705,5.2325,0.431028585,85.97023663,144429.9975Elkhorn,fertilizer,14,5,2003,0.3715,4.7295,0.433358465,70.23605459,117996.5717,0.045,0.923,0.0063585,2.67505706,4494.095861,0.4155,5.648,0.542090385,100.1656986,168278.3736Elkhorn,fertilizer,14,5,2004,0.271,5.0005,0.23060474,78.51570079,131906.3773,0.0665,0.9895,0.013885865,3.074406185,5165.002391,0.3375,5.9855,0.357665625,112.4943002,188990.4243Elkhorn,fertilizer,14,5,2005,0.2155,5.216,0.145822385,85.42889984,143520.5517,0.059,1.0485,0.01093034,3.451966065,5799.302989,0.274,6.2595,0.23573864,123.0294084,206689.4061Elkhorn,fertilizer,14,5,2006,0.0895,5.3055,0.025152185,88.38575699,148488.0717,0.0265,1.075,0.002205065,3.6286625,6096.153,0.1155,6.375,0.041888385,127.6115625,214387.425Elkhorn,fertilizer,14,5,2007,0.103,5.4085,0.03331226,91.85087887,154309.4765,0.0325,1.1075,0.003316625,3.851386625,6470.32953,0.1355,6.5105,0.057651185,133.0939562,223597.8464Elkhorn,fertilizer,14,5,2008,0.0335,5.442,0.003523865,92.99224296,156226.9682,0,1.1075,0,3.851386625,6470.32953,0.0135,6.524,0.000572265,133.6464886,224526.1008Elkhorn,fertilizer,14,11,1988,0.164,0.164,0.08445344,0.08445344,141.8817792,0.04,0.04,0.005024,0.005024,8.44032,0.204,0.204,0.13067424,0.13067424,219.5327232Elkhorn,fertilizer,14,11,1989,0.1695,0.3335,0.090212985,0.349237865,586.7196132,0.0545,0.0945,0.009326585,0.028040985,47.1088548,0.2235,0.4275,0.156850065,0.573854625,964.07577Elkhorn,fertilizer,14,11,1990,0.205,0.5385,0.1319585,0.910544265,1529.714365,0.0405,0.135,0.005150385,0.0572265,96.14052,0.245,0.6725,0.1884785,1.420084625,2385.74217Elkhorn,fertilizer,14,11,1991,0.2525,0.791,0.200194625,1.96463834,3300.592411,0.06,0.195,0.011304,0.1193985,200.58948,0.3125,0.985,0.306640625,3.0465065,5118.13092Elkhorn,fertilizer,14,11,1992,0.3175,1.1085,0.316531625,3.858344865,6482.019373,0.0695,0.2645,0.015166985,0.219675185,369.0543108,0.386,1.371,0.46784744,5.90207274,9915.482203Elkhorn,fertilizer,14,11,1993,0.3205,1.429,0.322541585,6.41200874,10772.17468,0.052,0.3165,0.00849056,0.314540865,528.4286532,0.372,1.743,0.43452576,9.53947386,16026.31608Elkhorn,fertilizer,14,11,1994,0.4195,1.8485,0.552577985,10.72923007,18025.10652,0.1085,0.425,0.036964865,0.5671625,952.833,0.528,2.271,0.87538176,16.19436474,27206.53276Elkhorn,fertilizer,14,11,1995,0.547,2.3955,0.93951626,18.01863959,30271.31451,0.0825,0.5075,0.021371625,0.808726625,1358.66073,0.6295,2.9005,1.244288585,26.41650679,44379.73141Elkhorn,fertilizer,14,11,1996,0.5615,2.957,0.989986265,27.45568586,46125.55224,0.11,0.6175,0.037994,1.197301625,2011.46673,0.6715,3.572,1.415864465,40.06383776,67307.24744Elkhorn,fertilizer,14,11,1997,0.576,3.533,1.04177664,39.19375946,65845.51589,0.101,0.7185,0.03203114,1.621000665,2723.281117,0.676,4.248,1.43490464,56.66288256,95193.6427Elkhorn,fertilizer,14,11,1998,0.524,4.057,0.86216864,51.68204186,86825.83032,0.0825,0.801,0.021371625,2.01462714,3384.573595,0.6065,4.8545,1.155024665,73.99777459,124316.2613Elkhorn,fertilizer,14,11,1999,0.6515,4.7085,1.332780065,69.61371287,116951.0376,0.135,0.936,0.0572265,2.75094144,4621.581619,0.7865,5.641,1.942348265,99.91756634,167861.5115Elkhorn,fertilizer,14,11,2000,0.566,5.2745,1.00591784,87.35589979,146757.9116,0.2035,1.1395,0.130034465,4.077165185,6849.637511,0.7695,6.4105,1.859288985,129.0367622,216781.7605Elkhorn,fertilizer,14,11,2001,0.475,5.7495,0.7084625,103.7981958,174380.9689,0.1,1.2395,0.0314,4.824171185,8104.607591,0.575,6.9855,1.0381625,153.2232402,257415.0435Elkhorn,fertilizer,14,11,2002,0.387,6.1365,0.47027466,118.2418253,198646.2665,0.1375,1.377,0.059365625,5.95384506,10002.4597,0.5245,7.51,0.863814785,177.096314,297521.8075Elkhorn,fertilizer,14,11,2003,0.5215,6.658,0.853961465,139.192947,233844.151,0.108,1.485,0.03662496,6.9244065,11633.00292,0.6295,8.1395,1.244288585,208.0295852,349489.7031Elkhorn,fertilizer,14,11,2004,0.512,7.17,0.82313216,161.423946,271192.2293,0.1035,1.5885,0.033636465,7.923263265,13311.08229,0.6155,8.755,1.189558385,240.6810785,404344.2119Elkhorn,fertilizer,14,11,2005,0.4975,7.6675,0.777169625,184.6023466,310131.9423,0.131,1.7195,0.05388554,9.283975985,15597.07965,0.628,9.383,1.23836576,276.4477635,464432.2427Elkhorn,fertilizer,14,11,2006,0.3115,7.979,0.304681265,199.9063447,335842.6591,0.126,1.8455,0.04985064,10.69443259,17966.64675,0.4375,9.8205,0.601015625,302.8285716,508752.0003Elkhorn,fertilizer,14,11,2007,0.2395,8.2185,0.180111185,212.0873507,356306.7492,0.0785,1.924,0.019349465,11.62357664,19527.60876,0.318,10.1385,0.31752936,322.7580323,542233.4943Elkhorn,fertilizer,14,11,2008,0.199,8.4175,0.12434714,222.4825216,373770.6363,0.0395,1.9635,0.004899185,12.10574327,20337.64869,0.28,10.4185,0.246176,340.8317467,572597.3345Elkhorn,herbicide,12,7,1988,0,0,0,0,0,0,0,0,0,0,0,0,0,0,0Elkhorn,herbicide,12,7,1989,0.2025,0.2025,0.128759625,0.128759625,216.31617,0.025,0.025,0.0019625,0.0019625,3.297,0.0845,0.0845,0.022420385,0.022420385,37.6662468Elkhorn,herbicide,12,7,1990,0.6205,0.823,1.208963585,2.12681306,3573.045941,0.0585,0.0835,0.010745865,0.021892865,36.7800132,0.679,0.7635,1.44766874,1.830407265,3075.084205Elkhorn,herbicide,12,7,1991,0.343,1.166,0.36941786,4.26900584,7171.929811,0.0905,0.174,0.025717385,0.09506664,159.7119552,0.433,1.1965,0.58871546,4.495262465,7552.040941Elkhorn,herbicide,12,7,1992,0.2775,1.4435,0.241799625,6.542793665,10991.89336,0.1695,0.3435,0.090212985,0.370495665,622.4327172,0.4465,1.643,0.625997465,8.47626986,14240.13336Elkhorn,herbicide,12,7,1993,0.315,1.7585,0.3115665,9.709891865,16312.61833,0.242,0.5855,0.18389096,1.076424185,1808.392631,0.556,2.199,0.97068704,15.18378714,25508.7624Elkhorn,herbicide,12,7,1993,1.007,2.7655,3.18411386,24.01468939,40344.67818,0.136,0.7215,0.05807744,1.634565465,2746.069981,1.143,3.342,4.10224986,35.07054696,58918.51889Elkhorn,herbicide,12,7,1994,0.7485,3.514,1.759192065,38.77333544,65139.20354,0.151,0.8725,0.07159514,2.390344625,4015.77897,0.8995,4.2415,2.540574785,56.48961187,94902.54794Elkhorn,herbicide,12,7,1995,0.5395,4.0535,0.913929185,51.59290747,86676.08455,0.1295,1.002,0.052658585,3.15257256,5296.321901,0.6685,4.91,1.403241665,75.699434,127175.0491Elkhorn,herbicide,12,7,1996,0.4705,4.524,0.695102585,64.26504864,107965.2817,0.141,1.143,0.06242634,4.10224986,6891.779765,0.6115,5.5215,1.174147265,95.72906147,160824.8233Elkhorn,herbicide,12,7,1997,0.5375,5.0615,0.907165625,80.44297627,135144.2001,0.1815,1.3245,0.103438665,5.508502785,9254.284679,0.719,6.2405,1.62325754,122.2836584,205436.5461Elkhorn,herbicide,12,7,1998,0.3475,5.409,0.379174625,91.86786234,154338.0087,0.1675,1.492,0.088096625,6.98984096,11742.93281,0.5145,6.755,0.831190185,143.2782785,240707.5079Elkhorn,herbicide,12,7,1999,0.3765,5.7855,0.445102065,105.1021122,176571.5485,0.1825,1.6745,0.104581625,8.804403785,14791.39836,0.559,7.314,0.98119034,167.9730314,282194.6928Elkhorn,herbicide,12,7,2000,0.2545,6.04,0.203378585,114.552224,192447.7363,0.1635,1.838,0.083939265,10.60768616,17820.91275,0.418,7.732,0.54863336,187.7212074,315371.6284Elkhorn,herbicide,12,7,2001,0.274,6.314,0.23573864,125.1811114,210304.2672,0.191,2.029,0.11455034,12.92688074,21717.15964,0.4645,8.1965,0.677487185,210.9534025,354401.7162Elkhorn,herbicide,12,7,2002,0.2385,6.5525,0.178610265,134.8167046,226492.0637,0.156,2.185,0.07641504,14.9910665,25184.99172,0.394,8.5905,0.48744104,231.7216074,389292.3004Elkhorn,herbicide,12,7,2003,0.2365,6.789,0.175627265,144.7242359,243136.7163,0.068,2.253,0.01451936,15.93866826,26776.96268,0.304,8.8945,0.29018624,248.412089,417332.3095Elkhorn,herbicide,12,7,2004,0.208,6.997,0.13584896,153.7281483,258263.2891,0.1005,2.3535,0.031714785,17.39234147,29219.13367,0.308,9.2025,0.29787296,265.9140596,446735.6201Elkhorn,herbicide,12,7,2005,0.181,7.178,0.10286954,161.7843678,271797.7379,0.0595,2.413,0.011116385,18.28286666,30715.21599,0.24,9.4425,0.180864,279.9649316,470341.0851Elkhorn,herbicide,12,7,2006,0.1115,7.2895,0.039037265,166.8495842,280307.3015,0.0705,2.4835,0.015606585,19.36680487,32536.23218,0.182,9.6245,0.10400936,290.8613408,488647.0525Elkhorn,herbicide,12,7,2007,0.1415,7.431,0.062869865,173.3900495,291295.2832,0.0565,2.54,0.010023665,20.258024,34033.48032,0.198,9.8225,0.12310056,302.9519296,508959.2417Elkhorn,herbicide,12,7,2008,0.088,7.519,0.02431616,177.5210335,298235.3363,0,2.54,0,20.258024,34033.48032,0.088,9.9105,0.02431616,308.4045522,518119.6477Elkhorn,herbicide,12,15,1988,0.142,0.142,0.06331496,0.06331496,106.3691328,0.021,0.021,0.00138474,0.00138474,2.3263632,0.086,0.086,0.02322344,0.02322344,39.0153792Elkhorn,herbicide,12,15,1989,0.1555,0.2975,0.075925985,0.277909625,466.88817,0.0405,0.0615,0.005150385,0.011876265,19.9521252,0.441,0.527,0.61067034,0.87206906,1465.076021Elkhorn,herbicide,12,15,1990,0.3825,0.68,0.459401625,1.451936,2439.25248,0.0995,0.161,0.031086785,0.08139194,136.7384592,0.335,0.862,0.3523865,2.33315816,3919.705709Elkhorn,herbicide,12,15,1991,0.5345,1.2145,0.897067385,4.631532185,7780.974071,0.1285,0.2895,0.051848465,0.263164185,442.1158308,0.5585,1.4205,0.979435865,6.335955585,10644.40538Elkhorn,herbicide,12,15,1992,0.571,1.7855,1.02376874,10.01035219,16817.39168,0.1445,0.434,0.065563985,0.59143784,993.6155712,0.7475,2.168,1.754494625,14.75870336,24794.62164Elkhorn,herbicide,12,15,1993,0.566,2.3515,1.00591784,17.36279407,29169.49404,0.1635,0.5975,0.083939265,1.120999625,1883.27937,0.6875,2.8555,1.484140625,25.60318399,43013.3491Elkhorn,herbicide,12,15,1994,0.6865,3.038,1.479826265,28.98045416,48687.16299,0.166,0.7635,0.08652584,1.830407265,3075.084205,0.791,3.6465,1.96463834,41.75246147,70144.13527Elkhorn,herbicide,12,15,1995,0.588,3.626,1.08563616,41.28433064,69357.67548,0.138,0.9015,0.05979816,2.551885065,4287.166909,0.817,4.4635,2.09591546,62.55769327,105096.9247Elkhorn,herbicide,12,15,1996,0.41,4.036,0.527834,51.14838944,85929.29426,0.1245,1.026,0.048670785,3.30540264,5553.076435,0.634,5.0975,1.26214184,81.59134963,137073.4674Elkhorn,herbicide,12,15,1997,0.524,4.56,0.86216864,65.291904,109690.3987,0.14,1.166,0.061544,4.26900584,7171.929811,0.646,5.7435,1.31037224,103.5816677,174017.2017Elkhorn,herbicide,12,15,1998,0.434,4.994,0.59143784,78.31171304,131563.6779,0.165,1.331,0.0854865,5.56270154,9345.338587,0.583,6.3265,1.06725146,125.6772511,211137.7818Elkhorn,herbicide,12,15,1999,0.421,5.415,0.55653674,92.0717865,154680.6013,0.214,1.545,0.14379944,7.4952585,12592.03428,0.6155,6.942,1.189558385,151.320883,254219.0834Elkhorn,herbicide,12,15,2000,0.2845,5.6995,0.254152385,102.0007028,171361.1807,0.117,1.662,0.04298346,8.67344616,14571.38955,0.4945,7.4365,0.767824985,173.6468113,291726.643Elkhorn,herbicide,12,15,2001,0.229,5.9285,0.16466474,110.3619325,185408.0466,0.1075,1.7695,0.036286625,9.831748985,16517.33829,0.358,7.7945,0.40243496,190.768283,320490.7154Elkhorn,herbicide,12,15,2002,0.19,6.1185,0.113354,117.5491727,197482.6101,0.094,1.8635,0.02774504,10.90406527,18318.82965,0.331,8.1255,0.34402154,207.3145758,348288.4873Elkhorn,herbicide,12,15,2003,0.1525,6.271,0.073024625,123.4818847,207449.5663,0.0645,1.928,0.013063185,11.67195776,19608.88904,0.22,8.3455,0.151976,218.6927426,367403.8076Elkhorn,herbicide,12,15,2004,0.141,6.412,0.06242634,129.0971562,216883.2224,0.0525,1.9805,0.008654625,12.31627399,20691.3403,0.206,8.5515,0.13324904,229.6223981,385765.6288Elkhorn,herbicide,12,15,2005,0.1185,6.5305,0.044092665,133.912931,224973.7241,0.0495,2.03,0.007693785,12.939626,21738.57168,0.185,8.7365,0.1074665,239.6649973,402637.1955Elkhorn,herbicide,12,15,2006,0.0835,6.614,0.021892865,137.3592874,230763.6028,0.0155,2.0455,0.000754385,13.13798059,22071.80739,0.1395,8.876,0.061105185,247.3798006,415598.065Elkhorn,herbicide,12,15,2007,0.101,6.715,0.03203114,141.5864465,237865.2301,0.0225,2.068,0.001589625,13.42859936,22560.04692,0.1125,8.9885,0.039740625,253.6904353,426199.9313Elkhorn,herbicide,12,15,2008,0.0165,6.7315,0.000854865,142.2831097,239035.6243,0,2.068,0,13.42859936,22560.04692,0.075,9.0635,0.0176625,257.9416813,433342.0246Elkhorn,herbicide,15,9,1988,0,0,0,0,0,0,0,0,0,0,0,0,0,0,0Elkhorn,herbicide,15,9,1989,0,0,0,0,0,0,0,0,0,0,0,0,0,0,0Elkhorn,herbicide,15,9,1990,0,0,0,0,0,0,0,0,0,0,0,0,0,0,0Elkhorn,herbicide,15,9,1991,0.112,0.112,0.03938816,0.03938816,66.1721088,0.0795,0.0795,0.019845585,0.019845585,33.3405828,0.1495,0.1495,0.070179785,0.070179785,117.9020388Elkhorn,herbicide,15,9,1992,0.239,0.351,0.17935994,0.38685114,649.9099152,0.1015,0.181,0.032349065,0.10286954,172.8208272,0.3225,0.472,0.326579625,0.69954176,1175.230157Elkhorn,herbicide,15,9,1993,0.2945,0.6455,0.272332985,1.308344585,2198.018903,0.07,0.251,0.015386,0.19782314,332.3428752,0.3845,0.8565,0.464218385,2.303479665,3869.845837Elkhorn,herbicide,15,9,1994,0.3855,1.031,0.466636185,3.33769754,5607.331867,0.094,0.345,0.02774504,0.3737385,627.88068,0.4645,1.321,0.677487185,5.47942874,9205.440283Elkhorn,herbicide,15,9,1995,0.4075,1.4385,0.521416625,6.497546265,10915.87773,0.066,0.411,0.01367784,0.53041194,891.0920592,0.51,1.831,0.816714,10.52704154,17685.42979Elkhorn,herbicide,15,9,1996,0.3755,1.814,0.442740785,10.33247144,17358.55202,0.0715,0.4825,0.016052465,0.731011625,1228.09953,0.43,2.261,0.580586,16.05205994,26967.4607Elkhorn,herbicide,15,9,1997,0.3215,2.1355,0.324557465,14.31953119,24056.8124,0.038,0.5205,0.00453416,0.850689585,1429.158503,0.3775,2.6385,0.447469625,21.85968227,36724.26621Elkhorn,herbicide,15,9,1998,0.283,2.4185,0.25147946,18.36630667,30855.39521,0.078,0.5985,0.01910376,1.124755065,1889.588509,0.3475,2.986,0.379174625,27.99685544,47034.71714Elkhorn,herbicide,15,9,1999,0.2665,2.685,0.223009865,22.6369665,38030.10372,0.028,0.6265,0.00246176,1.232457065,2070.527869,0.3085,3.2945,0.298840865,34.08071299,57255.59782Elkhorn,herbicide,15,9,2000,0.246,2.931,0.19002024,26.97498954,45317.98243,0.0455,0.672,0.006500585,1.41797376,2382.195917,0.275,3.5695,0.2374625,40.00777699,67213.06534Elkhorn,herbicide,15,9,2001,0.1995,3.1305,0.124972785,30.77209499,51697.11958,0.03,0.702,0.002826,1.54740456,2599.639661,0.2385,3.808,0.178610265,45.53271296,76494.95777Elkhorn,herbicide,15,9,2002,0.216,3.3465,0.14649984,35.16505547,59077.29319,0.024,0.726,0.00180864,1.65501864,2780.431315,0.246,4.054,0.19002024,51.60563624,86697.46888Elkhorn,herbicide,15,9,2003,0.1515,3.498,0.072070065,38.42105256,64547.3683,0.0305,0.7565,0.002920985,1.796997665,3018.956077,0.183,4.237,0.10515546,56.36981066,94701.28191Elkhorn,herbicide,15,9,2004,0.1525,3.6505,0.073024625,41.84411179,70298.10781,0.0455,0.802,0.006500585,2.01966056,3393.029741,0.1905,4.4275,0.113951385,61.55265463,103408.4598Elkhorn,herbicide,15,9,2005,0.1255,3.776,0.049455785,44.77067264,75214.73004,0.041,0.843,0.00527834,2.23143786,3748.815605,0.1695,4.597,0.090212985,66.35576426,111477.684Elkhorn,herbicide,15,9,2006,0.131,3.907,0.05388554,47.93099786,80524.0764,0.0395,0.8825,0.004899185,2.445451625,4108.35873,0.1645,4.7615,0.084969185,71.18971027,119598.7133Elkhorn,herbicide,15,9,2007,0.096,4.003,0.02893824,50.31538826,84529.85228,0.013,0.8955,0.00053066,2.518029585,4230.289703,0.1355,4.897,0.057651185,75.29911226,126502.5086Elkhorn,herbicide,15,9,2008,0.106,4.109,0.03528104,53.01538634,89065.84905,0,0.8955,0,2.518029585,4230.289703,0.106,5.003,0.03528104,78.59422826,132038.3035Elkhorn,herbicide,15,10,1988,0.204,0.204,0.13067424,0.13067424,219.5327232,0.022,0.022,0.00151976,0.00151976,2.5531968,0.226,0.226,0.16037864,0.16037864,269.4361152Elkhorn,herbicide,15,10,1989,0.0535,0.2575,0.008987465,0.208201625,349.77873,0.019,0.041,0.00113354,0.00527834,8.8676112,0.068,0.294,0.01451936,0.27140904,455.9671872Elkhorn,herbicide,15,10,1990,0.2155,0.473,0.145822385,0.70250906,1180.215221,0.0685,0.1095,0.014733665,0.037649385,63.2509668,0.284,0.578,0.25325984,1.04902376,1762.359917Elkhorn,herbicide,15,10,1991,0.411,0.884,0.53041194,2.45377184,4122.336691,0.1085,0.218,0.036964865,0.14922536,250.6986048,0.5195,1.0975,0.847423985,3.782149625,6354.01137Elkhorn,herbicide,15,10,1992,0.392,1.276,0.48250496,5.11247264,8588.954035,0.0425,0.2605,0.005671625,0.213081185,357.9763908,0.434,1.5315,0.59143784,7.364845665,12372.94072Elkhorn,herbicide,15,10,1993,0.402,1.678,0.50743656,8.84124776,14853.29624,0.066,0.3265,0.01367784,0.334731065,562.3481892,0.468,1.9995,0.68773536,12.55372079,21090.25093Elkhorn,herbicide,15,10,1994,0.568,2.246,1.01303936,15.83978024,26610.8308,0.0755,0.402,0.017898785,0.50743656,852.4934208,0.6435,2.643,1.300249665,21.93430986,36849.64056Elkhorn,herbicide,15,10,1995,0.554,2.8,0.96371624,24.6176,41357.568,0.084,0.486,0.02215584,0.74165544,1245.981139,0.638,3.281,1.27811816,33.80197754,56787.32227Elkhorn,herbicide,15,10,1996,0.5495,3.3495,0.948123785,35.22813179,59183.26141,0.09,0.576,0.025434,1.04177664,1750.184755,0.6395,3.9205,1.284135185,48.26280559,81081.51339Elkhorn,herbicide,15,10,1997,0.417,3.7665,0.54601146,44.54567987,74836.74218,0.145,0.721,0.0660185,1.63230074,2742.265243,0.562,4.4825,0.99175016,63.09141163,105993.5715Elkhorn,herbicide,15,10,1998,0.468,4.2345,0.68773536,56.30330939,94589.55978,0.079,0.8,0.01959674,2.0096,3376.128,0.547,5.0295,0.93951626,79.42903259,133440.7748Elkhorn,herbicide,15,10,1999,0.344,4.5785,0.37157504,65.82275947,110582.2359,0.1025,0.9025,0.032989625,2.557549625,4296.68337,0.446,5.4755,0.62459624,94.14065479,158156.3Elkhorn,herbicide,15,10,2000,0.4175,4.996,0.547321625,78.37445024,131669.0764,0.0765,0.979,0.018376065,3.00950474,5055.967963,0.494,5.9695,0.76627304,111.893681,187981.3841Elkhorn,herbicide,15,10,2001,0.242,5.238,0.18389096,86.15106216,144733.7844,0.089,1.068,0.02487194,3.58155936,6017.019725,0.3305,6.3,0.342982985,124.6266,209372.688Elkhorn,herbicide,15,10,2002,0.249,5.487,0.19468314,94.53651066,158821.3379,0.082,1.15,0.02111336,4.15265,6976.452,0.3305,6.6305,0.342982985,138.045485,231916.4148Elkhorn,herbicide,15,10,2003,0.2305,5.7175,0.166828985,102.6459916,172445.2659,0.1135,1.2635,0.040450265,5.012797265,8421.499405,0.3435,6.974,0.370495665,152.7191626,256568.1932Elkhorn,herbicide,15,10,2004,0.2355,5.953,0.174145185,111.2759763,186943.6402,0.021,1.2845,0.00138474,5.180812385,8703.764807,0.2565,7.2305,0.206587665,164.159609,275788.1431Elkhorn,herbicide,15,10,2005,0.185,6.138,0.1074665,118.2996382,198743.3922,0.03,1.3145,0.002826,5.425638185,9115.072151,0.2145,7.445,0.144472185,174.0439985,292393.9175Elkhorn,herbicide,15,10,2006,0.146,6.284,0.06693224,123.9943798,208310.5581,0.0395,1.354,0.004899185,5.75661224,9671.108563,0.1855,7.6305,0.108048185,182.825025,307146.042Elkhorn,herbicide,15,10,2007,0.1075,6.3915,0.036286625,128.2729949,215498.6314,0.0195,1.3735,0.001193985,5.923617065,9951.676669,0.1265,7.757,0.050247065,188.9370939,317414.3178Elkhorn,herbicide,15,10,2008,0.1185,6.51,0.044092665,133.073514,223563.5035,0.01,1.3835,0.000314,6.010186865,10097.11393,0.128,7.885,0.05144576,195.2239265,327976.1965Elkhorn,herbicide,15,16,1988,0.13,0.13,0.053066,0.053066,89.15088,0.0385,0.0385,0.004654265,0.004654265,7.8191652,0.168,0.168,0.08862336,0.08862336,148.8872448Elkhorn,herbicide,15,16,1989,0.0945,0.2245,0.028040985,0.158256785,265.8713988,0.0565,0.095,0.010023665,0.0283385,47.60868,0.2535,0.4215,0.201783465,0.557859465,937.2039012Elkhorn,herbicide,15,16,1990,0.2345,0.459,0.172669385,0.66153834,1111.384411,0.079,0.174,0.01959674,0.09506664,159.7119552,0.3135,0.735,0.308606265,1.6963065,2849.79492Elkhorn,herbicide,15,16,1991,0.4425,0.9015,0.614831625,2.551885065,4287.166909,0.056,0.23,0.00984704,0.166106,279.05808,0.4985,1.2335,0.780297065,4.777579865,8026.334173Elkhorn,herbicide,15,16,1992,0.4685,1.37,0.689205665,5.893466,9901.02288,0.1175,0.3475,0.043351625,0.379174625,637.01337,0.586,1.8195,1.07826344,10.39522199,17463.97294Elkhorn,herbicide,15,16,1993,0.6575,2.0275,1.357441625,12.90777463,21685.06138,0.094,0.4415,0.02774504,0.612055865,1028.253853,0.751,2.5705,1.77096314,20.74745659,34855.72707Elkhorn,herbicide,15,16,1994,0.657,2.6845,1.35537786,22.62853639,38015.94114,0.113,0.5545,0.04009466,0.965456585,1621.967063,0.77,3.3405,1.861706,35.03907239,58865.64162Elkhorn,herbicide,15,16,1995,0.5935,3.278,1.106040665,33.74019176,56683.52216,0.105,0.6595,0.0346185,1.365712385,2294.396807,0.698,4.0385,1.52982056,51.21177427,86035.78077Elkhorn,herbicide,15,16,1996,0.4575,3.7355,0.657221625,43.81543519,73609.93112,0.1205,0.78,0.045593585,1.910376,3209.43168,0.577,4.6155,1.04539706,66.89091839,112376.7429Elkhorn,herbicide,15,16,1997,0.5815,4.317,1.061766665,58.51857546,98311.20677,0.1165,0.8965,0.042616865,2.523656465,4239.742861,0.6975,5.313,1.527629625,88.63582266,148908.1821Elkhorn,herbicide,15,16,1998,0.4355,4.7525,0.595533185,70.92084463,119147.019,0.113,1.0095,0.04009466,3.199943385,5375.904887,0.5485,5.8615,0.944676065,107.8815523,181241.0079Elkhorn,herbicide,15,16,1999,0.381,5.1335,0.45580554,82.74786187,139016.4079,0.17,1.1795,0.090746,4.368431585,7338.965063,0.551,6.4125,0.95330714,129.1172906,216917.0482Elkhorn,herbicide,15,16,2000,0.3575,5.491,0.401311625,94.67439434,159052.9825,0.103,1.2825,0.03331226,5.164691625,8676.68193,0.4605,6.873,0.665869185,148.3277251,249190.5782Elkhorn,herbicide,15,16,2001,0.396,5.887,0.49240224,108.8222547,182821.3879,0.0865,1.369,0.023494265,5.88486554,9886.574107,0.4825,7.3555,0.731011625,169.884614,285406.1515Elkhorn,herbicide,15,16,2002,0.2285,6.1155,0.163946465,117.4339284,197288.9997,0.143,1.512,0.06420986,7.17849216,12059.86683,0.3715,7.727,0.433358465,187.4785011,314963.8818Elkhorn,herbicide,15,16,2003,0.2175,6.333,0.148541625,125.9356315,211571.8609,0.0675,1.5795,0.014306625,7.833735585,13160.67578,0.285,8.012,0.2550465,201.5633322,338626.3981Elkhorn,herbicide,15,16,2004,0.22,6.553,0.151976,134.8372803,226526.6309,0.0635,1.643,0.012661265,8.47626986,14240.13336,0.283,8.295,0.25147946,216.0540585,362970.8183Elkhorn,herbicide,15,16,2005,0.2195,6.7725,0.151285985,144.0216146,241956.3125,0.0725,1.7155,0.016504625,9.240832385,15524.59841,0.291,8.586,0.26589834,231.4789034,388884.5577Elkhorn,herbicide,15,16,2006,0.1205,6.893,0.045593585,149.1922299,250642.9462,0.0335,1.749,0.003523865,9.60526314,16136.84208,0.1535,8.7395,0.073985465,239.8296212,402913.7636Elkhorn,herbicide,15,16,2007,0.1455,7.0385,0.066474585,155.5571143,261335.952,0.069,1.818,0.01494954,10.37808936,17435.19012,0.214,8.9535,0.14379944,251.7186095,422887.264Elkhorn,herbicide,15,16,2008,0.0285,7.067,0.002550465,156.8194155,263456.618,0,1.818,0,10.37808936,17435.19012,0.0285,8.982,0.002550465,253.3236574,425583.7444Elkhorn,herbicide,17,1,1988,0.0645,0.0645,0.013063185,0.013063185,21.9461508,0.0455,0.0455,0.006500585,0.006500585,10.9209828,0.089,0.089,0.02487194,0.02487194,41.7848592Elkhorn,herbicide,17,1,1989,0.125,0.1895,0.0490625,0.112758185,189.4337508,0.143,0.1885,0.06420986,0.111571265,187.4397252,0,0.089,0,0.02487194,41.7848592Elkhorn,herbicide,17,1,1990,0.2075,0.397,0.135196625,0.49489226,831.4189968,0.098,0.2865,0.03015656,0.257738265,433.0002852,0.3395,0.4285,0.361917185,0.576542465,968.5913412Elkhorn,herbicide,17,1,1991,0.365,0.762,0.4183265,1.82322216,3063.013229,0.087,0.3735,0.02376666,0.438037065,735.9022692,0.451,0.8795,0.63867914,2.428853585,4080.474023Elkhorn,herbicide,17,1,1992,0.456,1.218,0.65291904,4.65826536,7825.885805,0.115,0.4885,0.0415265,0.749305265,1258.832845,0.5555,1.435,0.968941985,6.4659665,10862.82372Elkhorn,herbicide,17,1,1993,0.488,1.706,0.74777216,9.13876904,15353.13199,0.11,0.5985,0.037994,1.124755065,1889.588509,0.603,2.038,1.14173226,13.04181416,21910.24779Elkhorn,herbicide,17,1,1994,0.5675,2.2735,1.011256625,16.23003907,27266.46564,0.108,0.7065,0.03662496,1.567306665,2633.075197,0.671,2.709,1.41375674,23.04345834,38713.01001Elkhorn,herbicide,17,1,1995,0.4905,2.764,0.755453385,23.98864544,40300.92434,0.0675,0.774,0.014306625,1.88109864,3160.245715,0.555,3.264,0.9671985,33.45260544,56200.37714Elkhorn,herbicide,17,1,1996,0.375,3.139,0.4415625,30.93942794,51978.23894,0.0685,0.8425,0.014733665,2.228791625,3744.36993,0.4375,3.7015,0.601015625,43.02146107,72276.0546Elkhorn,herbicide,17,1,1997,0.343,3.482,0.36941786,38.07037736,63958.23396,0.084,0.9265,0.02215584,2.695383065,4528.243549,0.417,4.1185,0.54601146,53.26081267,89478.16529Elkhorn,herbicide,17,1,1998,0.333,3.815,0.34819146,45.7002665,76776.44772,0.0605,0.987,0.011493185,3.05889066,5138.936309,0.4095,4.528,0.526547385,64.37874176,108156.2862Elkhorn,herbicide,17,1,1999,0.2345,4.0495,0.172669385,51.49113379,86505.10477,0.0515,1.0385,0.008328065,3.386434265,5689.209565,0.3045,4.8325,0.291141585,73.32859663,123192.0423Elkhorn,herbicide,17,1,2000,0.234,4.2835,0.17193384,57.61388887,96791.3333,0.041,1.0795,0.00527834,3.659105585,6147.297383,0.279,5.1115,0.24442074,82.04013727,137827.4306Elkhorn,herbicide,17,1,2001,0.171,4.4545,0.09181674,62.30567059,104673.5266,0.0355,1.115,0.003957185,3.9037265,6558.26052,0.209,5.3205,0.13715834,88.88624159,149328.8859Elkhorn,herbicide,17,1,2002,0.162,4.6165,0.08240616,66.91990687,112425.4435,0.0425,1.1575,0.005671625,4.206991625,7067.74593,0.2,5.5205,0.1256,95.69438959,160766.5745Elkhorn,herbicide,17,1,2003,0.1735,4.79,0.094521065,72.044474,121034.7163,0.0315,1.189,0.003115665,4.43908394,7457.661019,0.219,5.7395,0.15059754,103.4374412,173774.9012Elkhorn,herbicide,17,1,2004,0.1305,4.9205,0.053474985,76.02354559,127719.5566,0.029,1.218,0.00264074,4.65826536,7825.885805,0.154,5.8935,0.07446824,109.0626947,183225.3271Elkhorn,herbicide,17,1,2005,0.1235,5.044,0.047892065,79.88767904,134211.3008,0.024,1.242,0.00180864,4.84365096,8137.333613,0.145,6.0385,0.0660185,114.4953343,192352.1616Elkhorn,herbicide,17,1,2006,0.099,5.143,0.03077514,83.05440986,139531.4086,0.022,1.264,0.00151976,5.01676544,8428.165939,0.1275,6.166,0.051044625,119.3814058,200560.7617Elkhorn,herbicide,17,1,2007,0.0825,5.2255,0.021371625,85.74036979,144043.8212,0.011,1.275,0.00037994,5.1044625,8575.497,0.1055,6.2715,0.034948985,123.5015765,207482.6485Elkhorn,herbicide,17,1,2008,0.0715,5.297,0.016052465,88.10277626,148012.6641,0,1.275,0,5.1044625,8575.497,0.0715,6.343,0.016052465,126.3336579,212240.5453Elkhorn,herbicide,17,5,1988,0,0,0,0,0,0,0,0,0,0,0,0,0,0,0Elkhorn,herbicide,17,5,1989,0.4045,0.4045,0.513767585,0.513767585,863.1295428,0.0575,0.0575,0.010381625,0.010381625,17.44113,0.2195,0.2195,0.151285985,0.151285985,254.1604548Elkhorn,herbicide,17,5,1990,0.43,0.8345,0.580586,2.186665385,3673.597847,0.0895,0.147,0.025152185,0.06785226,113.9917968,0.519,0.7385,0.84579354,1.712500265,2877.000445Elkhorn,herbicide,17,5,1991,0.5835,1.418,1.069082865,6.31367336,10606.97124,0.134,0.281,0.05638184,0.24793754,416.5350672,0.717,1.4555,1.61423946,6.652027985,11175.40701Elkhorn,herbicide,17,5,1992,0.4865,1.9045,0.743182265,11.38915759,19133.78475,0.1135,0.3945,0.040450265,0.488678985,820.9806948,0.6,2.0555,1.1304,13.26675199,22288.14334Elkhorn,herbicide,17,5,1993,0.396,2.3005,0.49240224,16.61782279,27917.94229,0.127,0.5215,0.05064506,0.853961465,1434.655261,0.5225,2.578,0.857239625,20.86870376,35059.42232Elkhorn,herbicide,17,5,1994,0.5805,2.881,1.058117985,26.06250554,43785.00931,0.191,0.7125,0.11455034,1.594040625,2677.98825,0.771,3.349,1.86654474,35.21761514,59165.59344Elkhorn,herbicide,17,5,1995,0.546,3.427,0.93608424,36.87719306,61953.68434,0.201,0.9135,0.12685914,2.620274265,4402.060765,0.747,4.096,1.75214826,52.68045824,88503.16984Elkhorn,herbicide,17,5,1996,0.498,3.925,0.77873256,48.3736625,81267.753,0.148,1.0615,0.06877856,3.538096265,5944.001725,0.646,4.742,1.31037224,70.60781096,118621.1224Elkhorn,herbicide,17,5,1997,0.636,4.561,1.27011744,65.32054394,109738.5138,0.2315,1.293,0.168279665,5.24960586,8819.337845,0.867,5.609,2.36030346,98.78716634,165962.4395Elkhorn,herbicide,17,5,1998,0.3355,4.8965,0.353439185,75.28373647,126476.6773,0.2245,1.5175,0.158256785,7.230811625,12147.76353,0.56,6.169,0.984704,119.4976015,200755.9705Elkhorn,herbicide,17,5,1999,0.3205,5.217,0.322541585,85.46165946,143575.5879,0.1755,1.693,0.096712785,9.00002186,15120.03672,0.496,6.665,0.77249024,139.4857865,234336.1213Elkhorn,herbicide,17,5,2000,0.224,5.441,0.15755264,92.95807034,156169.5582,0.1085,1.8015,0.036964865,10.19056307,17120.14596,0.3325,6.9975,0.347146625,153.7501196,258300.2009Elkhorn,herbicide,17,5,2001,0.2355,5.6765,0.174145185,101.1791281,169980.9352,0.145,1.9465,0.0660185,11.89702747,19987.00615,0.3805,7.378,0.454609985,170.9255358,287154.9001Elkhorn,herbicide,17,5,2002,0.2575,5.934,0.208201625,110.5667978,185752.2203,0.047,1.9935,0.00693626,12.47849267,20963.86769,0.304,7.682,0.29018624,185.3012094,311306.0318Elkhorn,herbicide,17,5,2003,0.209,6.143,0.13715834,118.4924499,199067.3158,0.0365,2.03,0.004183265,12.939626,21738.57168,0.2455,7.9275,0.189248585,197.3341046,331521.2957Elkhorn,herbicide,17,5,2004,0.229,6.372,0.16466474,127.4914858,214185.6961,0.0505,2.0805,0.008007785,13.59142799,22833.59902,0.2785,8.206,0.243545465,211.442689,355223.7175Elkhorn,herbicide,17,5,2005,0.197,6.569,0.12186026,135.4965295,227634.1696,0.0405,2.121,0.005150385,14.12573274,23731.231,0.2365,8.4425,0.175627265,223.8060316,375994.1331Elkhorn,herbicide,17,5,2006,0.1175,6.6865,0.043351625,140.3871463,235850.4058,0.0555,2.1765,0.009671985,14.87465807,24989.42556,0.173,8.6155,0.09397706,233.0722784,391561.4277Elkhorn,herbicide,17,5,2007,0.1895,6.876,0.112758185,148.4572406,249408.1642,0.0895,2.266,0.025152185,16.12313384,27086.86485,0.279,8.8945,0.24442074,248.412089,417332.3095Elkhorn,herbicide,17,5,2008,0.033,6.909,0.00341946,149.8856423,251807.8791,0,2.266,0,16.12313384,27086.86485,0.033,8.9275,0.00341946,250.2588046,420434.7917Elkhorn,herbicide,17,15,1988,0.126,0.126,0.04985064,0.04985064,83.7490752,0.0385,0.0385,0.004654265,0.004654265,7.8191652,0.2825,0.2825,0.250591625,0.250591625,420.99393Elkhorn,herbicide,17,15,1989,0.239,0.365,0.17935994,0.4183265,702.78852,0.11,0.1485,0.037994,0.069244065,116.3300292,0,0.2825,0,0.250591625,420.99393Elkhorn,herbicide,17,15,1990,0.3315,0.6965,0.345061665,1.523252465,2559.064141,0.1125,0.261,0.039740625,0.21389994,359.3518992,0.534,0.8165,0.89538984,2.093350865,3516.829453Elkhorn,herbicide,17,15,1991,0.4965,1.193,0.774048465,4.46900186,7507.923125,0.148,0.409,0.06877856,0.52526234,882.4407312,0.6775,1.494,1.441279625,7.00859304,11774.43631Elkhorn,herbicide,17,15,1992,0.562,1.755,0.99175016,9.6712785,16247.74788,0.215,0.624,0.1451465,1.22264064,2054.036275,0.752,2.246,1.77568256,15.83978024,26610.8308Elkhorn,herbicide,17,15,1993,0.5185,2.2735,0.844164665,16.23003907,27266.46564,0.2235,0.8475,0.156850065,2.255324625,3788.94537,0.9365,3.1825,2.753881265,31.80288163,53428.84114Elkhorn,herbicide,17,15,1994,0.77,3.0435,1.861706,29.08548167,48863.60921,0.226,1.0735,0.16037864,3.618543065,6079.152349,0.987,4.1695,3.05889066,54.58805299,91707.92902Elkhorn,herbicide,17,15,1995,0.6685,3.712,1.403241665,43.26588416,72686.68539,0.2455,1.319,0.189248585,5.46284954,9177.587227,0.767,4.9365,1.84722746,76.51876127,128551.5189Elkhorn,herbicide,17,15,1996,0.4645,4.1765,0.677487185,54.77149807,92016.11676,0.182,1.501,0.10400936,7.07442314,11885.03088,0.6495,5.586,1.324609785,97.97866344,164604.1546Elkhorn,herbicide,17,15,1997,0.581,4.7575,1.05994154,71.07015163,119397.8547,0.1865,1.6875,0.109216265,8.941640625,15021.95625,0.733,6.319,1.68708746,125.3794495,210637.4752Elkhorn,herbicide,17,15,1998,0.4285,5.186,0.576542465,84.44903144,141874.3728,0.166,1.8535,0.08652584,10.78735147,18122.75047,0.637,6.956,1.27411466,151.931839,255245.4895Elkhorn,herbicide,17,15,1999,0.3655,5.5515,0.419473385,96.77213807,162577.192,0.204,2.0575,0.13067424,13.29258163,22331.53714,0.58,7.536,1.056296,178.3246694,299585.4446Elkhorn,herbicide,17,15,2000,0.3605,5.912,0.408075185,109.7484762,184377.44,0.1225,2.18,0.047119625,14.922536,25069.86048,0.315,7.851,0.3115665,193.5439511,325153.8378Elkhorn,herbicide,17,15,2001,0.2105,6.1225,0.139134185,117.7029196,197740.9049,0.1715,2.3515,0.092354465,17.36279407,29169.49404,0.4085,8.2595,0.523978865,214.2087284,359870.6637Elkhorn,herbicide,17,15,2002,0.2485,6.371,0.193902065,127.4514727,214118.4741,0.113,2.4645,0.04009466,19.07160719,32040.30008,0.339,8.5985,0.36085194,232.1533951,390017.7038Elkhorn,herbicide,17,15,2003,0.2425,6.6135,0.184651625,137.3385203,230728.7141,0.037,2.5015,0.00429866,19.64855707,33009.57588,0.31,8.9085,0.301754,249.1947089,418647.111Elkhorn,herbicide,17,15,2004,0.26,6.8735,0.212264,148.3493071,249226.8359,0.037,2.5385,0.00429866,20.23410427,33993.29517,0.2665,9.175,0.223009865,264.3271625,444069.633Elkhorn,herbicide,17,15,2005,0.218,7.0915,0.14922536,157.9086289,265286.4966,0.049,2.5875,0.00753914,21.02279063,35318.28826,0.2765,9.4515,0.240060065,280.4988761,471238.1118Elkhorn,herbicide,17,15,2006,0.156,7.2475,0.07641504,164.9324446,277086.5069,0.056,2.6435,0.00984704,21.94260967,36863.58425,0.166,9.6175,0.08652584,290.4384016,487936.5147Elkhorn,herbicide,17,15,2007,0.157,7.4045,0.07739786,172.1555876,289221.3872,0.0545,2.698,0.009326585,22.85670056,38399.25694,0.23,9.8475,0.166106,304.4960246,511553.3213Elkhorn,herbicide,17,15,2008,0.1395,7.544,0.061105185,178.703479,300221.8447,0,2.698,0,22.85670056,38399.25694,0.0555,9.903,0.009671985,307.9379443,517335.7464Elkhorn,HF,1,3,1988,0.1805,0.1805,0.102301985,0.102301985,171.8673348,0.091,0.091,0.02600234,0.02600234,43.6839312,0.2715,0.2715,0.231456465,0.231456465,388.8468612Elkhorn,HF,1,3,1989,0.127,0.3075,0.05064506,0.296906625,498.80313,0.1385,0.2295,0.060232265,0.165384585,277.8461028,0.2655,0.537,0.221339385,0.90547866,1521.204149Elkhorn,HF,1,3,1990,0.341,0.6485,0.36512234,1.320534065,2218.497229,0.134,0.3635,0.05638184,0.414895265,697.0240452,0.475,1.012,0.7084625,3.21581216,5402.564429Elkhorn,HF,1,3,1991,0.6815,1.33,1.458348665,5.554346,9331.30128,0.1235,0.487,0.047892065,0.74471066,1251.113909,0.805,1.817,2.0347985,10.36667546,17416.01477Elkhorn,HF,1,3,1992,0.849,2.179,2.26331514,14.90884874,25046.86588,0.145,0.632,0.0660185,1.25419136,2107.041485,0.994,2.811,3.10243304,24.81140394,41683.15862Elkhorn,HF,1,3,1993,0.935,3.114,2.7450665,30.44856744,51153.5933,0.188,0.82,0.11098016,2.111336,3547.04448,1.123,3.934,3.95994506,48.59575784,81640.87317Elkhorn,HF,1,3,1994,0.8715,3.9855,2.384868465,49.87642019,83792.38592,0.3405,1.1605,0.364052385,4.228827185,7104.429671,1.212,5.146,4.61248416,83.15133224,139694.2382Elkhorn,HF,1,3,1995,0.89,4.8755,2.487194,74.63937079,125394.1429,0.1455,1.306,0.066474585,5.35569704,8997.571027,1.0355,6.1815,3.366897185,119.9823587,201570.3626Elkhorn,HF,1,3,1996,0.7925,5.668,1.972096625,100.8763434,169472.2569,0.111,1.417,0.03868794,6.30477146,10592.01605,0.9035,7.085,2.563220465,157.6192865,264800.4013Elkhorn,HF,1,3,1997,0.6825,6.3505,1.462631625,126.6325898,212742.7509,0.1255,1.5425,0.049455785,7.471021625,12551.31633,0.8075,7.8925,2.047456625,195.5954866,328600.4175Elkhorn,HF,1,3,1998,0.488,6.8385,0.74777216,146.8423583,246695.1619,0.1025,1.645,0.032989625,8.4969185,14274.82308,0.59,8.4825,1.093034,225.9318116,379565.4435Elkhorn,HF,1,3,1999,0.482,7.3205,0.72949736,168.2717216,282696.4923,0.1135,1.7585,0.040450265,9.709891865,16312.61833,0.5955,9.078,1.113507585,258.7676638,434729.6752Elkhorn,HF,1,3,2000,0.368,7.6885,0.42523136,185.6149213,311833.0678,0.059,1.8175,0.01093034,10.37238163,17425.60114,0.4265,9.5045,0.571173065,283.6535336,476537.9364Elkhorn,HF,1,3,2001,0.2385,7.927,0.178610265,197.3092131,331479.478,0.0785,1.896,0.019349465,11.28772224,18963.37336,0.3165,9.821,0.314540865,302.8594087,508803.8066Elkhorn,HF,1,3,2002,0.2545,8.1815,0.203378585,210.1819987,353105.7578,0.0365,1.9325,0.004183265,11.72650663,19700.53114,0.29,10.111,0.264074,321.0094879,539295.9397Elkhorn,HF,1,3,2003,0.1775,8.359,0.098929625,219.4008463,368593.4218,0.0335,1.966,0.003523865,12.13658984,20389.47093,0.2105,10.3215,0.139134185,334.5147575,561984.7926Elkhorn,HF,1,3,2004,0.168,8.527,0.08862336,228.3085491,383558.3625,0.05,2.016,0.00785,12.76176384,21439.76325,0.218,10.5395,0.14922536,348.7945292,585974.8091Elkhorn,HF,1,3,2005,0.173,8.7,0.09397706,237.6666,399279.888,0.051,2.067,0.00816714,13.41561546,22538.23397,0.224,10.7635,0.15755264,363.7782073,611147.3883Elkhorn,HF,1,3,2006,0.127,8.827,0.05064506,244.6560171,411022.1087,0.05,2.117,0.00785,14.07250346,23641.80581,0.1765,10.94,0.097818065,375.806504,631354.9267Elkhorn,HF,1,3,2007,0.1335,8.9605,0.055961865,252.1123592,423548.7635,0.0605,2.1775,0.011493185,14.88832963,25012.39378,0.1935,11.1335,0.117568665,389.2181419,653886.4784Elkhorn,HF,1,3,2008,0.0975,9.058,0.029849625,257.628723,432816.2546,0.038,2.2155,0.00453416,15.41250239,25893.00402,0.135,11.2685,0.0572265,398.7143497,669840.1075Elkhorn,HF,1,5,1988,0,0,0,0,0,0,0,0,0,0,0,0,0,0,0Elkhorn,HF,1,5,1989,0.3985,0.3985,0.498639065,0.498639065,837.7136292,0.106,0.106,0.03528104,0.03528104,59.2721472,0.5045,0.5045,0.799193585,0.799193585,1342.645223Elkhorn,HF,1,5,1990,0.3855,0.784,0.466636185,1.93001984,3242.433331,0.099,0.205,0.03077514,0.1319585,221.69028,0.4845,0.989,0.737084385,3.07129994,5159.783899Elkhorn,HF,1,5,1991,0.666,1.45,1.39276584,6.60185,11091.108,0.13,0.335,0.053066,0.3523865,592.00932,0.796,1.785,1.98955424,10.0047465,16807.97412Elkhorn,HF,1,5,1992,0.7435,2.1935,1.735767665,15.10792867,25381.32017,0.0835,0.4185,0.021892865,0.549946665,923.9103972,0.827,2.612,2.14753706,21.42278816,35990.28411Elkhorn,HF,1,5,1993,0.736,2.9295,1.70092544,26.94738659,45271.60947,0.139,0.5575,0.06066794,0.975931625,1639.56513,0.8745,3.4865,2.401315785,38.16884227,64123.65501Elkhorn,HF,1,5,1994,0.725,3.6545,1.6504625,41.93586259,70452.24915,0.1295,0.687,0.052658585,1.48198266,2489.730869,0.8545,4.341,2.292734585,59.17104234,99407.35113Elkhorn,HF,1,5,1995,0.651,4.3055,1.33073514,58.20721699,97788.12454,0.1465,0.8335,0.067391465,2.181427865,3664.798813,0.797,5.138,1.99455626,82.89299816,139260.2369Elkhorn,HF,1,5,1996,0.652,4.9575,1.33482656,77.17117163,129647.5683,0.1215,0.955,0.046353465,2.8637585,4811.11428,0.7735,5.9115,1.878669065,109.7299133,184346.2543Elkhorn,HF,1,5,1997,0.554,5.5115,0.96371624,95.38262527,160242.8105,0.119,1.074,0.04446554,3.62191464,6084.816595,0.673,6.5845,1.42219706,136.1367104,228709.6735Elkhorn,HF,1,5,1998,0.41,5.9215,0.527834,110.1014695,184970.4688,0.1235,1.1975,0.047892065,4.502779625,7564.66977,0.5335,7.118,0.893713865,159.0910014,267272.8824Elkhorn,HF,1,5,1999,0.4105,6.332,0.529122185,125.8958634,211505.0505,0.1005,1.298,0.031714785,5.29028456,8887.678061,0.511,7.629,0.81991994,182.7531527,307025.2965Elkhorn,HF,1,5,2000,0.2595,6.5915,0.211448385,136.4263189,229196.2158,0.0825,1.3805,0.021371625,5.984149985,10053.37197,0.3415,7.9705,0.366193865,199.4806526,335127.4964Elkhorn,HF,1,5,2001,0.216,6.8075,0.14649984,145.5140566,244463.6151,0.063,1.4435,0.01246266,6.542793665,10991.89336,0.2785,8.249,0.243545465,213.6644431,358956.2644Elkhorn,HF,1,5,2002,0.2155,7.023,0.145822385,154.8727411,260186.205,0.0995,1.543,0.031086785,7.47586586,12559.45464,0.315,8.564,0.3115665,230.2941814,386894.2248Elkhorn,HF,1,5,2003,0.245,7.268,0.1884785,165.8668074,278656.2364,0.0485,1.5915,0.007386065,7.953218865,13361.40769,0.293,8.857,0.26956586,246.3218499,413820.7078Elkhorn,HF,1,5,2004,0.2435,7.5115,0.186177665,177.1670653,297640.6697,0.103,1.6945,0.03331226,9.015976985,15146.84133,0.346,9.203,0.37590824,265.9429563,446784.1666Elkhorn,HF,1,5,2005,0.226,7.7375,0.16037864,187.9883656,315820.4542,0.101,1.7955,0.03203114,10.12279559,17006.29659,0.3265,9.5295,0.334731065,285.1477026,479048.1404Elkhorn,HF,1,5,2006,0.161,7.8985,0.08139194,195.8929891,329100.2217,0.0675,1.863,0.014306625,10.89821466,18309.00063,0.2285,9.758,0.163946465,298.986291,502296.9689Elkhorn,HF,1,5,2007,0.1935,8.092,0.117568665,205.608657,345422.5438,0.0725,1.9355,0.016504625,11.76294319,19761.74456,0.266,10.024,0.22217384,315.5090086,530055.1344Elkhorn,HF,1,5,2008,0.0595,8.1515,0.011116385,208.6434301,350520.9626,0,1.9355,0,11.76294319,19761.74456,0.0595,10.0835,0.011116385,319.2656929,536366.3641Elkhorn,HF,1,7,1988,0,0,0,0,0,0,0,0,0,0,0,0,0,0,0Elkhorn,HF,1,7,1989,0,0,0,0,0,0,0,0,0,0,0,0,0,0,0Elkhorn,HF,1,7,1990,0,0,0,0,0,0,0,0,0,0,0,0,0,0,0Elkhorn,HF,1,7,1991,0,0,0,0,0,0.012,0.012,0.00045216,0.00045216,0.7596288,0,0,0,0,0Elkhorn,HF,1,7,1992,0.592,0.592,1.10045696,1.10045696,1848.767693,0.0575,0.0695,0.010381625,0.015166985,25.4805348,0.6125,0.6125,1.177990625,1.177990625,1979.02425Elkhorn,HF,1,7,1993,0.5045,1.0965,0.799193585,3.775260465,6342.437581,0.123,0.1925,0.04750506,0.116356625,195.47913,0.6235,1.236,1.220682065,4.79696544,8058.901939Elkhorn,HF,1,7,1994,0.482,1.5785,0.72949736,7.823819465,13144.0167,0.0395,0.232,0.004899185,0.16900736,283.9323648,0.557,1.793,0.97418186,10.09462586,16958.97144Elkhorn,HF,1,7,1995,0.449,2.0275,0.63302714,12.90777463,21685.06138,0.0385,0.2705,0.004654265,0.229754585,385.9877028,0.4785,2.2715,0.718941465,16.20149647,27218.51407Elkhorn,HF,1,7,1996,0.4635,2.491,0.674573265,19.48395434,32733.04329,0.052,0.3225,0.00849056,0.326579625,548.65377,0.5205,2.792,0.850689585,24.47712896,41121.57665Elkhorn,HF,1,7,1997,0.4665,2.9575,0.683333865,27.46497163,46141.15234,0.056,0.3785,0.00984704,0.449843465,755.7370212,0.519,3.311,0.84579354,34.42294394,57830.54582Elkhorn,HF,1,7,1998,0.5445,3.502,0.930947985,38.50897256,64695.0739,0.042,0.4205,0.00553896,0.555215585,932.7621828,0.578,3.889,1.04902376,47.49036794,79783.81814Elkhorn,HF,1,7,1999,0.3565,3.8585,0.399069665,46.74838987,78537.29498,0.12,0.5405,0.045216,0.917320385,1541.098247,0.4345,4.3235,0.592801385,58.69492807,98607.47916Elkhorn,HF,1,7,2000,0.3405,4.199,0.364052385,55.36322714,93010.2216,0.113,0.6535,0.04009466,1.340975465,2252.838781,0.4975,4.821,0.777169625,72.98000874,122606.4147Elkhorn,HF,1,7,2001,0.22,4.419,0.151976,61.31654154,103011.7898,0.0795,0.733,0.019845585,1.68708746,2834.306933,0.311,5.132,0.30370394,82.69951136,138935.1791Elkhorn,HF,1,7,2002,0.15,4.569,0.07065,65.54988954,110123.8144,0.0665,0.7995,0.013885865,2.007088785,3371.909159,0.2075,5.3395,0.135196625,89.52221719,150397.3249Elkhorn,HF,1,7,2003,0.1655,4.7345,0.086005385,70.38463939,118246.1942,0.085,0.8845,0.0226865,2.456548385,4127.001287,0.2555,5.595,0.204979985,98.2946385,165134.9927Elkhorn,HF,1,7,2004,0.1365,4.871,0.058505265,74.50165274,125162.7766,0.0355,0.92,0.003957185,2.657696,4464.92928,0.1845,5.7795,0.106886385,104.8842276,176205.5024Elkhorn,HF,1,7,2005,0.1165,4.9875,0.042616865,78.10799063,131221.4243,0.0425,0.9625,0.005671625,2.908915625,4886.97825,0.156,5.9355,0.07641504,110.6227032,185846.1414Elkhorn,HF,1,7,2006,0.102,5.0895,0.03266856,81.33545219,136643.5597,0.025,0.9875,0.0019625,3.061990625,5144.14425,0.131,6.0665,0.05388554,115.5596059,194140.1379Elkhorn,HF,1,7,2007,0.065,5.1545,0.0132665,83.42625259,140156.1044,0.0235,1.011,0.001734065,3.20945994,5391.892699,0.0825,6.149,0.021371625,118.7240311,199456.3722Elkhorn,HF,1,7,2008,0.078,5.2325,0.01910376,85.97023663,144429.9975,0,1.011,0,3.20945994,5391.892699,0.0895,6.2385,0.025152185,122.2052903,205304.8877Elkhorn,HF,10,9,1988,0,0,0,0,0,0,0,0,0,0,0,0,0,0,0Elkhorn,HF,10,9,1989,0,0,0,0,0,0,0,0,0,0,0,0,0,0,0Elkhorn,HF,10,9,1990,0,0,0,0,0,0,0,0,0,0,0,0,0,0,0Elkhorn,HF,10,9,1991,0.5615,0.5615,0.989986265,0.989986265,1663.176925,0.0865,0.0865,0.023494265,0.023494265,39.4703652,0.648,0.648,1.31849856,1.31849856,2215.077581Elkhorn,HF,10,9,1992,0.5105,1.072,0.818316185,3.60843776,6062.175437,0.105,0.1915,0.0346185,0.115150865,193.4534532,0.6155,1.2635,1.189558385,5.012797265,8421.499405Elkhorn,HF,10,9,1993,0.831,1.903,2.16836154,11.37122426,19103.65676,0.082,0.2735,0.02111336,0.234879065,394.5968292,0.913,2.1765,2.61740666,14.87465807,24989.42556Elkhorn,HF,10,9,1994,0.813,2.716,2.07544266,23.16269984,38913.33573,0.148,0.4215,0.06877856,0.557859465,937.2039012,0.961,3.1375,2.89985594,30.90986563,51928.57426Elkhorn,HF,10,9,1995,0.99,3.706,3.077514,43.12612904,72451.89679,0.2195,0.641,0.151285985,1.29016634,2167.479451,1.2095,4.347,4.593475385,59.33472426,99682.33676Elkhorn,HF,10,9,1996,0.9065,4.6125,2.580270665,66.80399063,112230.7043,0.256,0.897,0.20578304,2.52647226,4244.473397,1.1625,5.5095,4.243415625,95.31341339,160126.5345Elkhorn,HF,10,9,1997,0.647,5.2595,1.31443226,86.85974839,145924.3773,0.213,1.11,0.14245866,3.868794,6499.57392,0.8595,6.369,2.319644385,127.3714655,213984.062Elkhorn,HF,10,9,1998,0.5015,5.761,0.789717065,104.2138399,175079.251,0.167,1.277,0.08757146,5.12048906,8602.421621,0.6685,7.0375,1.403241665,155.5129156,261261.6982Elkhorn,HF,10,9,1999,0.349,6.11,0.38245514,117.222794,196934.2939,0.182,1.459,0.10400936,6.68405834,11229.21801,0.5305,7.568,0.883690985,179.8423194,302135.0966Elkhorn,HF,10,9,2000,0.3685,6.4785,0.426387665,131.7888215,221405.2201,0.1575,1.6165,0.077891625,8.205046865,13784.47873,0.525,8.093,0.8654625,205.6594779,345507.9229Elkhorn,HF,10,9,2001,0.2255,6.704,0.159669785,141.1229542,237086.5631,0.09,1.7065,0.025434,9.144126665,15362.1328,0.315,8.408,0.3115665,221.980617,372927.4366Elkhorn,HF,10,9,2002,0.2115,6.9155,0.140459265,150.1678004,252281.9047,0.1045,1.811,0.034289585,10.29832394,17301.18422,0.316,8.724,0.31354784,238.9796726,401485.85Elkhorn,HF,10,9,2003,0.234,7.1495,0.17193384,160.5021998,269643.6957,0.1265,1.9375,0.050247065,11.78726563,19802.60626,0.3605,9.0845,0.408075185,259.1383604,435352.4455Elkhorn,HF,10,9,2004,0.189,7.3385,0.11216394,169.1002483,284088.4171,0.1565,2.094,0.076905665,13.76838504,23130.88687,0.3455,9.43,0.374822585,279.224186,469096.6325Elkhorn,HF,10,9,2005,0.238,7.5765,0.17786216,180.2465261,302814.1638,0.123,2.217,0.04750506,15.43337946,25928.07749,0.361,9.791,0.40920794,301.0119583,505700.0899Elkhorn,HF,10,9,2006,0.169,7.7455,0.08968154,188.3772986,316473.8616,0.0535,2.2705,0.008987465,16.18723459,27194.55411,0.222,10.013,0.15475176,314.8169307,528892.4436Elkhorn,HF,10,9,2007,0.1685,7.914,0.089151665,196.6625834,330393.1401,0.0585,2.329,0.010745865,17.03211674,28613.95612,0.227,10.24,0.16180106,329.252864,553144.8115Elkhorn,HF,10,9,2008,0.0825,7.9965,0.021371625,200.7841985,337317.4535,0,2.329,0,17.03211674,28613.95612,0.0825,10.3225,0.021371625,334.5795796,562093.6937Elkhorn,HF,10,10,1988,0,0,0,0,0,0,0,0,0,0,0,0,0,0,0Elkhorn,HF,10,10,1989,0,0,0,0,0,0,0,0,0,0,0,0,0,0,0Elkhorn,HF,10,10,1990,0,0,0,0,0,0,0,0,0,0,0,0,0,0,0Elkhorn,HF,10,10,1991,0.415,0.415,0.5407865,0.5407865,908.52132,0.0845,0.0845,0.022420385,0.022420385,37.6662468,0.4995,0.4995,0.783430785,0.783430785,1316.163719Elkhorn,HF,10,10,1992,0.636,1.051,1.27011744,3.46844714,5826.991195,0.1515,0.236,0.072070065,0.17488544,293.8075392,0.7875,1.287,1.947290625,5.20099866,8737.677749Elkhorn,HF,10,10,1993,0.581,1.632,1.05994154,8.36315136,14050.09428,0.1555,0.3915,0.075925985,0.481274865,808.5417732,0.736,2.023,1.70092544,12.85054106,21588.90898Elkhorn,HF,10,10,1994,0.7035,2.3355,1.554024465,17.12731919,28773.89624,0.138,0.5295,0.05979816,0.880362585,1479.009143,0.8415,2.8645,2.223503865,25.76483119,43284.9164Elkhorn,HF,10,10,1995,0.6025,2.938,1.139839625,27.10399016,45534.70347,0.106,0.6355,0.03528104,1.268121185,2130.443591,0.7085,3.573,1.576192865,40.08627306,67344.93874Elkhorn,HF,10,10,1996,0.5175,3.4555,0.840911625,37.49310799,62988.42142,0.1095,0.745,0.037649385,1.7427785,2927.86788,0.626,4.199,1.23049064,55.36322714,93010.2216Elkhorn,HF,10,10,1997,0.3775,3.833,0.447469625,46.13253146,77502.65285,0.168,0.913,0.08862336,2.61740666,4397.243189,0.545,4.744,0.9326585,70.66738304,118721.2035Elkhorn,HF,10,10,1998,0.3675,4.2005,0.424076625,55.40278879,93076.68517,0.094,1.007,0.02774504,3.18411386,5349.311285,0.461,5.205,0.66731594,85.0689585,142915.8503Elkhorn,HF,10,10,1999,0.2515,4.452,0.198612065,62.23575456,104556.0677,0.1155,1.1225,0.041888385,3.956419625,6646.78497,0.367,5.572,0.42292346,97.48815776,163780.105Elkhorn,HF,10,10,2000,0.211,4.663,0.13979594,68.27480666,114701.6752,0.055,1.1775,0.0094985,4.353629625,7314.09777,0.2655,5.8375,0.221339385,106.9999156,179759.8582Elkhorn,HF,10,10,2001,0.1755,4.8385,0.096712785,73.51079827,123498.1411,0.0455,1.223,0.006500585,4.69658906,7890.269621,0.2205,6.058,0.152667585,115.236003,193596.485Elkhorn,HF,10,10,2002,0.167,5.0055,0.08757146,78.67279499,132170.2956,0.046,1.269,0.00664424,5.05653354,8494.976347,0.213,6.271,0.14245866,123.4818847,207449.5663Elkhorn,HF,10,10,2003,0.15,5.1555,0.07065,83.45862599,140210.4917,0.0645,1.3335,0.013063185,5.583617865,9380.478013,0.214,6.485,0.14379944,132.0534065,221849.7229Elkhorn,HF,10,10,2004,0.106,5.2615,0.03528104,86.92582027,146035.3781,0.053,1.3865,0.00882026,6.036280265,10140.95085,0.1585,6.6435,0.078883865,138.5873297,232826.7139Elkhorn,HF,10,10,2005,0.1765,5.438,0.097818065,92.85559016,155997.3915,0.019,1.4055,0.00113354,6.202850985,10420.78965,0.1945,6.838,0.118786985,146.8208862,246659.0888Elkhorn,HF,10,10,2006,0.1075,5.5455,0.036286625,96.56307059,162225.9586,0.013,1.4185,0.00053066,6.318126665,10614.4528,0.12,6.958,0.045216,152.019219,255392.2879Elkhorn,HF,10,10,2007,0.043,5.5885,0.00580586,98.06638327,164751.5239,0.019,1.4375,0.00113354,6.488515625,10900.70625,0.062,7.02,0.01207016,154.740456,259963.9661Elkhorn,HF,10,10,2008,0.0415,5.63,0.005407865,99.528266,167207.4869,0,1.4375,0,6.488515625,10900.70625,0.0415,7.0615,0.005407865,156.5754163,263046.6994Elkhorn,HF,10,15,1988,0.061,0.061,0.01168394,0.01168394,19.6290192,0.018,0.018,0.00101736,0.00101736,1.7091648,0.0715,0.0715,0.016052465,0.016052465,26.9681412Elkhorn,HF,10,15,1989,0.1065,0.1675,0.035614665,0.088096625,148.00233,0.0385,0.0565,0.004654265,0.010023665,16.8397572,0.131,0.2025,0.05388554,0.128759625,216.31617Elkhorn,HF,10,15,1990,0.154,0.3215,0.07446824,0.324557465,545.2565412,0.17,0.2265,0.090746,0.161089065,270.6296292,0.196,0.3985,0.12062624,0.498639065,837.7136292Elkhorn,HF,10,15,1991,0.572,0.8935,1.02735776,2.506794665,4211.415037,0.139,0.3655,0.06066794,0.419473385,704.7152868,0.7815,1.18,1.917730665,4.372136,7345.18848Elkhorn,HF,10,15,1992,0.792,1.6855,1.96960896,8.920458185,14986.36975,0.1785,0.544,0.100047465,0.92923904,1561.121587,0.943,2.123,2.79224186,14.15238506,23776.0069Elkhorn,HF,10,15,1993,0.848,2.5335,2.25798656,20.15447387,33859.5161,0.1335,0.6775,0.055961865,1.441279625,2421.34977,1.0215,3.1445,3.276471465,31.04794399,52160.5459Elkhorn,HF,10,15,1994,0.9545,3.488,2.860760585,38.20169216,64178.84283,0.152,0.8295,0.07254656,2.160540585,3629.708183,1.086,4.2305,3.70330344,56.19698899,94410.9415Elkhorn,HF,10,15,1995,0.7025,4.1905,1.549609625,55.13931139,92634.04314,0.131,0.9605,0.05388554,2.896839185,4866.689831,0.8755,5.106,2.406810785,81.86368104,137530.9841Elkhorn,HF,10,15,1996,0.5295,4.72,0.880362585,69.954176,117523.0157,0.173,1.1335,0.09397706,4.034341865,6777.694333,0.683,5.789,1.46477546,105.2293159,176785.2507Elkhorn,HF,10,15,1997,0.4015,5.1215,0.506175065,82.36145347,138367.2418,0.137,1.2705,0.05893466,5.068494585,8515.070903,0.5775,6.3665,1.047209625,127.2714919,213816.1064Elkhorn,HF,10,15,1998,0.36,5.4815,0.406944,94.34708467,158503.1022,0.1555,1.426,0.075925985,6.38511464,10726.9926,0.506,6.8725,0.80395304,148.3061446,249154.3229Elkhorn,HF,10,15,1999,0.2655,5.747,0.221339385,103.7079483,174229.3531,0.101,1.527,0.03203114,7.32162906,12300.33682,0.3665,7.239,0.421771865,164.5457999,276436.9438Elkhorn,HF,10,15,2000,0.1895,5.9365,0.112758185,110.6599813,185908.7686,0.0515,1.5785,0.008328065,7.823819465,13144.0167,0.2635,7.5025,0.218017265,176.7427696,296927.8529Elkhorn,HF,10,15,2001,0.162,6.0985,0.08240616,116.7819451,196193.6678,0.053,1.6315,0.00882026,8.358027665,14041.48648,0.2095,7.712,0.137815385,186.7513242,313742.2247Elkhorn,HF,10,15,2002,0.197,6.2955,0.12186026,124.4486256,209073.691,0.1045,1.736,0.034289585,9.46300544,15897.84914,0.283,7.995,0.25147946,200.7088785,337190.9159Elkhorn,HF,10,15,2003,0.213,6.5085,0.14245866,133.0121969,223460.4908,0.0635,1.7995,0.012661265,10.16794879,17082.15397,0.29,8.285,0.264074,215.5334465,362096.1901Elkhorn,HF,10,15,2004,0.2415,6.75,0.183131865,143.06625,240351.3,0.1015,1.901,0.032349065,11.34733514,19063.52304,0.329,8.614,0.33987674,232.9911274,391425.094Elkhorn,HF,10,15,2005,0.21,6.96,0.138474,152.106624,255539.1283,0.065,1.966,0.0132665,12.13658984,20389.47093,0.281,8.895,0.24793754,248.4400185,417379.2311Elkhorn,HF,10,15,2006,0.1705,7.1305,0.091280585,159.650255,268212.4284,0.036,2.002,0.00406944,12.58513256,21143.0227,0.2245,9.1195,0.158256785,261.13898,438713.4864Elkhorn,HF,10,15,2007,0.121,7.2515,0.04597274,165.1145521,277392.4475,0.0455,2.0475,0.006500585,13.16368463,22114.99018,0.162,9.2815,0.08240616,270.4992007,454438.6572Elkhorn,HF,10,15,2008,0.097,7.3485,0.02954426,169.5614201,284863.1858,0,2.0475,0,13.16368463,22114.99018,0.1125,9.394,0.039740625,277.096321,465521.8193Elkhorn,HF,19,17,1988,0,0,0,0,0,0,0,0,0,0,0,0,0,0,0Elkhorn,HF,19,17,1989,0,0,0,0,0,0,0,0,0,0,0,0,0,0,0Elkhorn,HF,19,17,1990,0,0,0,0,0,0.0245,0.0245,0.001884785,0.001884785,3.1664388,0,0,0,0,0Elkhorn,HF,19,17,1991,0.066,0.066,0.01367784,0.01367784,22.9787712,0.083,0.1075,0.02163146,0.036286625,60.96153,0.0905,0.0905,0.025717385,0.025717385,43.2052068Elkhorn,HF,19,17,1992,0.414,0.48,0.53818344,0.723456,1215.40608,0.2295,0.337,0.165384585,0.35660666,599.0991888,0.4965,0.587,0.774048465,1.08194666,1817.670389Elkhorn,HF,19,17,1993,0.231,0.711,0.16755354,1.58733594,2666.724379,0.138,0.475,0.05979816,0.7084625,1190.217,0.4605,1.0475,0.665869185,3.445384625,5788.24617Elkhorn,HF,19,17,1994,0.2715,0.9825,0.231456465,3.031061625,5092.18353,0.1345,0.6095,0.056803385,1.166479385,1959.685367,0.4095,1.457,0.526547385,6.66574586,11198.45304Elkhorn,HF,19,17,1995,0.3615,1.344,0.410342265,5.67189504,9528.783667,0.205,0.8145,0.1319585,2.083108185,3499.621751,0.4955,1.9525,0.770933585,11.97048463,20110.41418Elkhorn,HF,19,17,1996,0.759,2.103,1.80889434,13.88699226,23330.147,0.1555,0.97,0.075925985,2.954426,4963.43568,0.9635,2.916,2.914963265,26.69959584,44855.32101Elkhorn,HF,19,17,1997,0.8365,2.9395,2.197159265,27.13167319,45581.21096,0.1195,1.0895,0.044839985,3.727212185,6261.716471,0.9915,3.9075,3.086846865,47.94326663,80544.68794Elkhorn,HF,19,17,1998,0.593,3.5325,1.10417786,39.18266663,65826.87994,0.139,1.2285,0.06066794,4.738926465,7961.396461,0.7125,4.62,1.594040625,67.021416,112595.9789Elkhorn,HF,19,17,1999,0.58,4.1125,1.056296,53.10574063,89217.64426,0.1485,1.377,0.069244065,5.95384506,10002.4597,0.719,5.339,1.62325754,89.50545194,150369.1593Elkhorn,HF,19,17,2000,0.6075,4.72,1.158836625,69.954176,117523.0157,0.1455,1.5225,0.066474585,7.278539625,12227.94657,0.7555,6.0945,1.792249985,116.628801,195936.3857Elkhorn,HF,19,17,2001,0.403,5.123,0.50996426,82.40970506,138448.3045,0.142,1.6645,0.06331496,8.699559185,14615.25943,0.548,6.6425,0.94295456,138.5456116,232756.6275Elkhorn,HF,19,17,2002,0.448,5.571,0.63021056,97.45316874,163721.3235,0.1775,1.842,0.098929625,10.65390696,17898.56369,0.5895,7.232,1.091182185,164.2277274,275902.582Elkhorn,HF,19,17,2003,0.334,5.905,0.35028584,109.4887385,183941.0807,0.128,1.97,0.05144576,12.186026,20472.52368,0.5115,7.7435,0.821525265,188.2800277,316310.4465Elkhorn,HF,19,17,2004,0.31,6.215,0.301754,121.2863465,203761.0621,0.119,2.089,0.04446554,13.70271194,23020.55606,0.438,8.1815,0.60239016,210.1819987,353105.7578Elkhorn,HF,19,17,2005,0.2985,6.5135,0.279781065,133.2166423,223803.9591,0.1325,2.2215,0.055126625,15.49609547,26033.44039,0.4175,8.599,0.547321625,232.1803951,390063.0638Elkhorn,HF,19,17,2006,0.198,6.7115,0.12310056,141.4388893,237617.334,0.086,2.3075,0.02322344,16.71910663,28088.09914,0.3305,8.9295,0.342982985,250.3709466,420623.1903Elkhorn,HF,19,17,2007,0.15,6.8615,0.07065,147.8317723,248357.3775,0.1065,2.414,0.035614665,18.29802344,30740.67938,0.2355,9.165,0.174145185,263.7512865,443102.1613Elkhorn,HF,19,17,2008,0.159,7.0205,0.07938234,154.7624996,260000.9993,0,2.414,0,18.29802344,30740.67938,0.2655,9.4305,0.221339385,279.253797,469146.379Elkhorn,HF,19,19,1988,0,0,0,0,0,0,0,0,0,0,0,0,0,0,0Elkhorn,HF,19,19,1989,0,0,0,0,0,0,0,0,0,0,0,0,0,0,0Elkhorn,HF,19,19,1990,0.28,0.28,0.246176,0.246176,413.57568,0.0875,0.0875,0.024040625,0.024040625,40.38825,0.3245,0.3245,0.330642785,0.330642785,555.4798788Elkhorn,HF,19,19,1991,0.6905,0.9705,1.497121385,2.957472585,4968.553943,0.0895,0.177,0.025152185,0.09837306,165.2667408,0.7785,1.103,1.903035465,3.82015226,6417.855797Elkhorn,HF,19,19,1992,0.739,1.7095,1.71481994,9.176305385,15416.19305,0.1425,0.3195,0.063761625,0.320531985,538.4937348,0.716,1.819,1.60973984,10.38950954,17454.37603Elkhorn,HF,19,19,1993,0.879,2.5885,2.42609274,21.03904327,35345.59269,0.289,0.6085,0.26225594,1.162654865,1953.260173,1.0645,2.8835,3.558123185,26.10775687,43861.03154Elkhorn,HF,19,19,1994,1,3.5885,3.14,40.43482327,67930.50309,0.2265,0.835,0.161089065,2.1892865,3678.00132,1.2795,4.163,5.140557585,54.41798666,91422.21759Elkhorn,HF,19,19,1995,1.0345,4.623,3.360397385,67.10848506,112742.2549,0.1925,1.0275,0.116356625,3.315074625,5569.32537,1.2595,5.4225,4.981108385,92.32700963,155109.3762Elkhorn,HF,19,19,1996,0.976,5.599,2.99108864,98.43523514,165371.195,0.1635,1.191,0.083939265,4.45403034,7482.770971,1.143,6.5655,4.10224986,135.3521814,227391.6648Elkhorn,HF,19,19,1997,0.8495,6.4485,2.265981785,130.5710981,219359.4448,0.1445,1.3355,0.065563985,5.600379185,9408.637031,1.0065,7.572,3.180952665,180.0324778,302454.5627Elkhorn,HF,19,19,1998,0.8105,7.259,2.062698185,165.4562743,277966.5408,0.1655,1.501,0.086005385,7.07442314,11885.03088,0.9575,8.5295,2.878771625,228.4424426,383783.3036Elkhorn,HF,19,19,1999,0.5755,7.8345,1.039968785,192.7312854,323788.5595,0.171,1.672,0.09181674,8.77813376,14747.26472,0.7305,9.26,1.675598985,269.247464,452335.7395Elkhorn,HF,19,19,2000,0.471,8.3055,0.69658074,216.601377,363890.3134,0.1425,1.8145,0.063761625,10.33816819,17368.12256,0.633,9.893,1.25816346,307.3163499,516291.4678Elkhorn,HF,19,19,2001,0.372,8.6775,0.43452576,236.4388796,397217.3177,0.143,1.9575,0.06420986,12.03187163,20213.54434,0.5185,10.4115,0.844164665,340.3739033,571828.1575Elkhorn,HF,19,19,2002,0.3155,8.993,0.312556385,253.9445139,426626.7834,0.183,2.1405,0.10515546,14.38666439,24169.59618,0.464,10.8755,0.67602944,371.3882108,623932.1941Elkhorn,HF,19,19,2003,0.309,9.302,0.29981034,271.6954206,456448.3066,0.1105,2.251,0.038340185,15.91038314,26729.44368,0.4635,11.339,0.674573265,403.7189719,678247.8728Elkhorn,HF,19,19,2004,0.3015,9.6035,0.285433065,289.5934465,486516.9901,0.1115,2.3625,0.039037265,17.52561563,29443.03426,0.402,11.741,0.50743656,432.8523943,727192.0224Elkhorn,HF,19,19,2005,0.3235,9.927,0.328608065,309.4323331,519846.3196,0.088,2.4505,0.02431616,18.85554379,31677.31357,0.4225,12.1635,0.560509625,464.5652993,780469.7028Elkhorn,HF,19,19,2006,0.204,10.131,0.13067424,322.2806855,541431.5516,0.0845,2.535,0.022420385,20.1783465,33899.62212,0.308,12.4715,0.29787296,488.3903005,820495.7048Elkhorn,HF,19,19,2007,0.1915,10.3225,0.115150865,334.5795796,562093.6937,0.069,2.604,0.01494954,21.29176224,35770.16056,0.268,12.7395,0.22552736,509.6058612,856137.8468Elkhorn,HF,19,19,2008,0.164,10.4865,0.08445344,345.2953823,580096.2423,0,2.604,0,21.29176224,35770.16056,0.196,12.9355,0.12062624,525.4072832,882684.2358Elkhorn,HF,19,20,1988,0,0,0,0,0,0.0255,0.0255,0.002041785,0.002041785,3.4301988,0,0,0,0,0Elkhorn,HF,19,20,1989,0.1495,0.1495,0.070179785,0.070179785,117.9020388,0.063,0.0885,0.01246266,0.024593265,41.3166852,0.175,0.175,0.0961625,0.0961625,161.553Elkhorn,HF,19,20,1990,0.184,0.3335,0.10630784,0.349237865,586.7196132,0.0665,0.155,0.013885865,0.0754385,126.73668,0.214,0.389,0.14379944,0.47514794,798.2485392Elkhorn,HF,19,20,1991,0.555,0.8885,0.9671985,2.478817265,4164.413005,0.1015,0.2565,0.032349065,0.206587665,347.0672772,0.624,1.013,1.22264064,3.22217066,5413.246709Elkhorn,HF,19,20,1992,0.549,1.4375,0.94639914,6.488515625,10900.70625,0.066,0.3225,0.01367784,0.326579625,548.65377,0.6095,1.6225,1.166479385,8.266069625,13886.99697Elkhorn,HF,19,20,1993,0.732,2.1695,1.68248736,14.77913299,24828.94342,0.054,0.3765,0.00915624,0.445102065,747.7714692,0.8465,2.469,2.250005465,19.14131754,32157.41347Elkhorn,HF,19,20,1994,0.7105,2.88,1.585104185,26.044416,43754.61888,0.062,0.4385,0.01207016,0.603766265,1014.327325,0.7545,3.2235,1.787508585,32.62759007,54814.35132Elkhorn,HF,19,20,1995,0.6405,3.5205,1.288154385,38.91690959,65380.40811,0.047,0.4855,0.00693626,0.740130185,1243.418711,0.709,3.9325,1.57841834,48.55870663,81578.62714Elkhorn,HF,19,20,1996,0.597,4.1175,1.11912426,53.23495163,89434.71874,0.0615,0.547,0.011876265,0.93951626,1578.387317,0.6525,4.585,1.336874625,66.0097865,110896.4413Elkhorn,HF,19,20,1997,0.509,4.6265,0.81351434,67.21013707,112913.0303,0.075,0.622,0.0176625,1.21481576,2040.890477,0.5545,5.1395,0.965456585,82.94140519,139341.5607Elkhorn,HF,19,20,1998,0.455,5.0815,0.6500585,81.07995667,136214.3272,0.0395,0.6615,0.004899185,1.374008265,2308.333885,0.5155,5.655,0.834424385,100.4141385,168695.7527Elkhorn,HF,19,20,1999,0.2835,5.365,0.252368865,90.3793265,151837.2685,0.048,0.7095,0.00723456,1.580645385,2655.484247,0.3415,5.9965,0.366193865,112.9081585,189685.7063Elkhorn,HF,19,20,2000,0.146,5.511,0.06693224,95.36531994,160213.7375,0.0835,0.793,0.021892865,1.97458586,3317.304245,0.19,6.1865,0.113354,120.1765363,201896.581Elkhorn,HF,19,20,2001,0.178,5.689,0.09948776,101.6252239,170730.3762,0.0545,0.8475,0.009326585,2.255324625,3788.94537,0.2475,6.434,0.192344625,129.9845578,218374.0571Elkhorn,HF,19,20,2002,0.184,5.873,0.10630784,108.3052851,181952.879,0.0675,0.915,0.014306625,2.6288865,4416.52932,0.248,6.682,0.19312256,140.1982494,235533.059Elkhorn,HF,19,20,2003,0.1795,6.0525,0.101171585,115.0268546,193245.1157,0.0665,0.9815,0.013885865,3.024894665,5081.823037,0.248,6.93,0.19312256,150.798186,253340.9525Elkhorn,HF,19,20,2004,0.215,6.2675,0.1451465,123.3440866,207218.0655,0.059,1.0405,0.01093034,3.399490385,5711.143847,0.2725,7.2025,0.233164625,162.8906596,273656.3081Elkhorn,HF,19,20,2005,0.126,6.3935,0.04985064,128.3532847,215633.5183,0.043,1.0835,0.00580586,3.686272865,6192.938413,0.196,7.3985,0.12062624,171.8766991,288752.8545Elkhorn,HF,19,20,2006,0.0765,6.47,0.018376065,131.443226,220824.6197,0.016,1.0995,0.00080384,3.795946785,6377.190599,0.1165,7.515,0.042616865,177.3322065,297918.1069Elkhorn,HF,19,20,2007,0.112,6.582,0.03938816,136.0333534,228536.0337,0.0075,1.107,0.000176625,3.84790986,6464.488565,0.163,7.678,0.08342666,185.1082878,310981.9235Elkhorn,HF,19,20,2008,0.035,6.617,0.0038465,137.4839235,230972.9915,0,1.107,0,3.84790986,6464.488565,0.0425,7.7205,0.005671625,187.1632176,314434.2056Feather Falls,control,5,7,1988,0,0,0,0,0,0,0,0,0,0,0,0,0,0,0Feather Falls,control,5,7,1989,0,0,0,0,0,0,0,0,0,0,0,0,0,0,0Feather Falls,control,5,7,1990,0.07,0.07,0.015386,0.015386,25.84848,0.0745,0.0745,0.017427785,0.017427785,29.2786788,0,0,0,0,0Feather Falls,control,5,7,1991,0.139,0.209,0.06066794,0.13715834,230.4260112,0.101,0.1755,0.03203114,0.096712785,162.4774788,0.087,0.087,0.02376666,0.02376666,39.9279888Feather Falls,control,5,7,1992,0.237,0.446,0.17637066,0.62459624,1049.321683,0.1325,0.308,0.055126625,0.29787296,500.4265728,0.223,0.31,0.15614906,0.301754,506.94672Feather Falls,control,5,7,1993,0.3815,0.8275,0.457002665,2.150134625,3612.22617,0.155,0.463,0.0754385,0.67311866,1130.839349,0.3385,0.6485,0.359788265,1.320534065,2218.497229Feather Falls,control,5,7,1994,0.57,1.3975,1.020186,6.132439625,10302.49857,0.187,0.65,0.10980266,1.32665,2228.772,0.532,1.1805,0.88869536,4.375841985,7351.414535Feather Falls,control,5,7,1995,0.6055,2.003,1.151218985,12.59770826,21164.14988,0.114,0.764,0.04080744,1.83280544,3079.113139,0.754,1.9345,1.78514024,11.75079139,19741.32954Feather Falls,control,5,7,1996,0.5355,2.5385,0.900427185,20.23410427,33993.29517,0.1345,0.8985,0.056803385,2.534929065,4258.680829,0.7525,2.687,1.778044625,22.67070266,38086.78047Feather Falls,control,5,7,1997,0.6055,3.144,1.151218985,31.03807104,52143.95935,0.2295,1.128,0.165384585,3.99528576,6712.080077,0.6975,3.3845,1.527629625,35.96819839,60426.5733Feather Falls,control,5,7,1998,0.583,3.727,1.06725146,43.61626106,73275.31858,0.161,1.289,0.08139194,5.21717594,8764.855579,0.7845,4.169,1.932482385,54.57496154,91685.93539Feather Falls,control,5,7,1999,0.5535,4.2805,0.961977465,57.53321599,96655.80286,0.1185,1.4075,0.044092665,6.220516625,10450.46793,0.7555,4.9245,1.792249985,76.14719879,127927.294Feather Falls,control,5,7,2000,0.334,4.6145,0.35028584,66.86193619,112328.0528,0.095,1.5025,0.0283385,7.088569625,11908.79697,0.6755,5.6,1.432782785,98.4704,165430.272Feather Falls,control,5,7,2001,0.299,4.9135,0.28071914,75.80739427,127356.4224,0.061,1.5635,0.01168394,7.675831265,12895.39653,0.4515,6.0515,0.640096065,114.9888481,193181.2648Feather Falls,control,5,7,2002,0.237,5.1505,0.17637066,83.29682179,139938.6606,0.0495,1.613,0.007693785,8.16955466,13724.85183,0.372,6.4235,0.43452576,129.5606461,217661.8854Feather Falls,control,5,7,2003,0.125,5.2755,0.0490625,87.38902679,146813.565,0.0365,1.6495,0.004183265,8.543469785,14353.02924,0.302,6.7255,0.28638056,142.0295798,238609.6941Feather Falls,control,5,7,2004,0.0655,5.341,0.013471385,89.57252234,150481.8375,0.0105,1.66,0.000346185,8.652584,14536.34112,0.155,6.8805,0.0754385,148.65162,249734.7216Feather Falls,control,5,7,2005,0.039,5.38,0.00477594,90.885416,152687.4989,0.0135,1.6735,0.000572265,8.793891065,14773.73699,0.087,6.9675,0.02376666,152.4346166,256090.1559Feather Falls,control,5,7,2006,0.058,5.438,0.01056296,92.85559016,155997.3915,0.0045,1.678,6.36E-05,8.84124776,14853.29624,0.049,7.0165,0.00753914,154.5861949,259704.8074Feather Falls,control,5,7,2007,0.0155,5.4535,0.000754385,93.38567947,156887.9415,0.003,1.681,2.83E-05,8.87288954,14906.45443,0.0665,7.083,0.013885865,157.5303115,264650.9233Feather Falls,control,5,7,2008,0.0205,5.474,0.001319585,94.08908264,158069.6588,0,1.681,0,8.87288954,14906.45443,0.0205,7.1035,0.001319585,158.4434965,266185.0741Feather Falls,control,5,12,1988,0.0565,0.0565,0.010023665,0.010023665,16.8397572,0.0385,0.0385,0.004654265,0.004654265,7.8191652,0,0,0,0,0Feather Falls,control,5,12,1989,0.1275,0.184,0.051044625,0.10630784,178.5971712,0.0615,0.1,0.011876265,0.0314,52.752,0.073,0.073,0.01673306,0.01673306,28.1115408Feather Falls,control,5,12,1990,0.3015,0.4855,0.285433065,0.740130185,1243.418711,0.1045,0.2045,0.034289585,0.131315585,220.6101828,0.175,0.248,0.0961625,0.19312256,324.4459008Feather Falls,control,5,12,1991,0.454,0.9395,0.64720424,2.771553185,4656.209351,0.1555,0.36,0.075925985,0.406944,683.66592,0.396,0.644,0.49240224,1.30227104,2187.815347Feather Falls,control,5,12,1992,0.621,1.5605,1.21091274,7.646403185,12845.95735,0.1535,0.5135,0.073985465,0.827962265,1390.976605,0.588,1.232,1.08563616,4.76596736,8006.825165Feather Falls,control,5,12,1993,0.601,2.1615,1.13417114,14.67033827,24646.16829,0.223,0.7365,0.15614906,1.703237265,2861.438605,0.775,2.007,1.8859625,12.64807386,21248.76408Feather Falls,control,5,12,1994,0.772,2.9335,1.87138976,27.02102587,45395.32346,0.1535,0.89,0.073985465,2.487194,4178.48592,0.768,2.775,1.85204736,24.1799625,40622.337Feather Falls,control,5,12,1995,0.833,3.7665,2.17881146,44.54567987,74836.74218,0.1575,1.0475,0.077891625,3.445384625,5788.24617,0.99,3.765,3.077514,44.5102065,74777.14692Feather Falls,control,5,12,1996,0.777,4.5435,1.89570906,64.82025167,108898.0228,0.2175,1.265,0.148541625,5.0247065,8441.50692,0.9765,4.7415,2.994154065,70.59292187,118596.1087Feather Falls,control,5,12,1997,0.6855,5.229,1.475518185,85.85526474,144236.8448,0.1415,1.4065,0.062869865,6.211680665,10435.62352,0.9875,5.729,3.061990625,103.0593247,173139.6655Feather Falls,control,5,12,1998,0.4245,5.6535,0.565828785,100.3608755,168606.2708,0.102,1.5085,0.03266856,7.145296865,12004.09873,0.831,6.56,2.16836154,135.125504,227010.8467Feather Falls,control,5,12,1999,0.3735,6.027,0.438037065,114.0596491,191620.2105,0.201,1.7095,0.12685914,9.176305385,15416.19305,0.567,7.127,1.00947546,159.4935651,267949.1894Feather Falls,control,5,12,2000,0.253,6.28,0.20098826,123.836576,208045.4477,0.0585,1.768,0.010745865,9.81508736,16489.34676,0.5225,7.6495,0.857239625,183.7366298,308677.5381Feather Falls,control,5,12,2001,0.2145,6.4945,0.144472185,132.440585,222500.1828,0.051,1.819,0.00816714,10.38950954,17454.37603,0.376,8.0255,0.44392064,202.2431618,339768.5118Feather Falls,control,5,12,2002,0.1845,6.679,0.106886385,140.0723887,235321.613,0.0625,1.8815,0.012265625,11.11573267,18674.43089,0.257,8.2825,0.20739386,215.4033916,361877.6979Feather Falls,control,5,12,2003,0.1905,6.8695,0.113951385,148.176695,248936.8476,0.105,1.9865,0.0346185,12.39101227,20816.90061,0.247,8.5295,0.19156826,228.4424426,383783.3036Feather Falls,control,5,12,2004,0.2785,7.148,0.243545465,160.4348586,269530.5624,0.1405,2.127,0.061984385,14.20576506,23865.6853,0.276,8.8055,0.23919264,243.465647,409022.287Feather Falls,control,5,12,2005,0.361,7.509,0.40920794,177.0491543,297442.5792,0.131,2.258,0.05388554,16.00949096,26895.94481,0.389,9.1945,0.47514794,265.451927,445959.2374Feather Falls,control,5,12,2006,0.3475,7.8565,0.379174625,193.8152197,325609.5691,0.1765,2.4345,0.097818065,18.61012139,31265.00394,0.5145,9.709,0.831190185,295.9910983,497265.0451Feather Falls,control,5,12,2007,0.3035,8.16,0.289232465,209.078784,351252.3571,0.081,2.5155,0.02060154,19.86910439,33380.09538,0.4935,10.2025,0.764722665,326.8457596,549100.8761Feather Falls,control,5,12,2008,0.152,8.312,0.07254656,216.9405402,364460.1075,0,2.5155,0,19.86910439,33380.09538,0.4285,10.631,0.576542465,354.8770255,596193.4028Feather Falls,control,5,17,1988,0,0,0,0,0,0,0,0,0,0,0,0,0,0,0Feather Falls,control,5,17,1989,0.2095,0.2095,0.137815385,0.137815385,231.5298468,0.0555,0.0555,0.009671985,0.009671985,16.2489348,0,0,0,0,0Feather Falls,control,5,17,1990,0.431,0.6405,0.58328954,1.288154385,2164.099367,0.0565,0.112,0.010023665,0.03938816,66.1721088,0.265,0.265,0.2205065,0.2205065,370.45092Feather Falls,control,5,17,1991,0.6585,1.299,1.361573865,5.29843914,8901.377755,0.083,0.195,0.02163146,0.1193985,200.58948,0.487,0.752,0.74471066,1.77568256,2983.146701Feather Falls,control,5,17,1992,0.9225,2.2215,2.672159625,15.49609547,26033.44039,0.144,0.339,0.06511104,0.36085194,606.2312592,0.7415,1.4935,1.726441865,7.003902665,11766.55648Feather Falls,control,5,17,1993,0.9765,3.198,2.994154065,32.11342056,53950.54654,0.1395,0.4785,0.061105185,0.718941465,1207.821661,1.0665,2.56,3.571505865,20.578304,34571.55072Feather Falls,control,5,17,1994,0.949,4.147,2.82788714,54.00049226,90720.827,0.129,0.6075,0.05225274,1.158836625,1946.84553,1.116,3.676,3.91073184,42.43074464,71283.651Feather Falls,control,5,17,1995,0.884,5.031,2.45377184,79.47641754,133520.3815,0.128,0.7355,0.05144576,1.698615185,2853.673511,1.077,4.753,3.64217706,70.93576826,119172.0907Feather Falls,control,5,17,1996,0.8835,5.9145,2.450996865,109.8413142,184533.4079,0.1195,0.855,0.044839985,2.2954185,3856.30308,1.0115,5.7645,3.212635265,104.3405052,175292.0487Feather Falls,control,5,17,1997,0.827,6.7415,2.14753706,142.7061619,239746.352,0.1055,0.9605,0.034948985,2.896839185,4866.689831,1.0025,6.767,3.155719625,143.7877875,241563.483Feather Falls,control,5,17,1998,0.785,7.5265,1.9349465,177.8753551,298830.5966,0.091,1.0515,0.02600234,3.471748065,5832.536749,0.932,7.699,2.72747936,186.1222471,312685.3751Feather Falls,control,5,17,1999,0.49,8.0165,0.753914,201.7898149,339006.889,0.08,1.1315,0.020096,4.020117665,6753.797677,0.876,8.575,2.40956064,230.8861625,387888.753Feather Falls,control,5,17,2000,0.583,8.5995,1.06725146,232.2073968,390108.4266,0.0815,1.213,0.020856665,4.62009866,7761.765749,0.5695,9.1445,1.018396985,262.572704,441122.1427Feather Falls,control,5,17,2001,0.514,9.1135,0.82957544,260.7954703,438136.3901,0.061,1.274,0.01168394,5.09645864,8562.050515,0.6645,9.809,1.386499185,302.1197503,507561.1805Feather Falls,control,5,17,2002,0.3495,9.463,0.383551785,281.1818787,472385.5562,0.037,1.311,0.00429866,5.39678394,9066.597019,0.5745,10.3835,1.036357785,338.5456069,568756.6196Feather Falls,control,5,17,2003,0.323,9.786,0.32759306,300.7045994,505183.727,0.034,1.345,0.00362984,5.6803385,9542.96868,0.386,10.7695,0.46784744,364.183889,611828.9335Feather Falls,control,5,17,2004,0.333,10.119,0.34819146,321.5176655,540149.678,0.0365,1.3815,0.004183265,5.992822665,10067.94208,0.356,11.1255,0.39795104,388.6589958,652947.1129Feather Falls,control,5,17,2005,0.206,10.325,0.13324904,334.7416625,562365.993,0.028,1.4095,0.00246176,6.238207385,10480.18841,0.3695,11.495,0.428704985,414.9039785,697038.6839Feather Falls,control,5,17,2006,0.156,10.481,0.07641504,344.9332735,579487.8995,0.0265,1.436,0.002205065,6.47498144,10877.96882,0.234,11.729,0.17193384,431.9680447,725706.3151Feather Falls,control,5,17,2007,0.147,10.628,0.06785226,354.6767658,595856.9665,0.037,1.473,0.00429866,6.81294906,11445.75442,0.1825,11.9115,0.104581625,445.5152333,748465.5919Feather Falls,control,5,17,2008,0.1515,10.7795,0.072070065,364.8605276,612965.6864,0,1.473,0,6.81294906,11445.75442,0.1835,12.095,0.105730865,459.3475385,771703.8647Feather Falls,control,8,4,1988,0,0,0,0,0,0.0575,0.0575,0.010381625,0.010381625,17.44113,0,0,0,0,0Feather Falls,control,8,4,1989,0.208,0.208,0.13584896,0.13584896,228.2262528,0.1675,0.225,0.088096625,0.1589625,267.057,0,0,0,0,0Feather Falls,control,8,4,1990,0.488,0.696,0.74777216,1.52106624,2555.391283,0.0915,0.3165,0.026288865,0.314540865,528.4286532,0.2655,0.2655,0.221339385,0.221339385,371.8501668Feather Falls,control,8,4,1991,0.7925,1.4885,1.972096625,6.957085265,11687.90325,0.165,0.4815,0.0854865,0.727984665,1223.014237,0.6555,0.921,1.349195985,2.66347674,4474.640923Feather Falls,control,8,4,1992,0.8825,2.371,2.445451625,17.65195274,29655.2806,0.178,0.6595,0.09948776,1.365712385,2294.396807,0.884,1.805,2.45377184,10.2301985,17186.73348Feather Falls,control,8,4,1993,0.882,3.253,2.44268136,33.22750826,55822.21388,0.1585,0.818,0.078883865,2.10104936,3529.762925,1.0465,2.8515,3.438809465,25.53150407,42892.92684Feather Falls,control,8,4,1994,0.9345,4.1875,2.742131385,55.06039063,92501.45626,0.1485,0.9665,0.069244065,2.933143865,4927.681693,1.06,3.9115,3.528104,48.04147327,80709.67509Feather Falls,control,8,4,1995,0.997,5.1845,3.12118826,84.40018639,141792.3131,0.19,1.1565,0.113354,4.199725665,7055.539117,1.093,5.0045,3.75119786,78.64136359,132117.4908Feather Falls,control,8,4,1996,1.082,6.2665,3.67607336,123.3047299,207151.9462,0.183,1.3395,0.10515546,5.633977185,9465.081671,1.145,6.1495,4.1166185,118.7433398,199488.8109Feather Falls,control,8,4,1997,0.842,7.1085,2.22614696,158.6666249,266559.9298,0.1275,1.467,0.051044625,6.75755946,11352.69989,1.272,7.4215,5.08046976,172.9469995,290550.9592Feather Falls,control,8,4,1998,0.7295,7.838,1.671014585,192.9035262,324077.924,0.092,1.559,0.02657696,7.63171034,12821.27337,1.025,8.4465,3.2989625,224.0181575,376350.5046Feather Falls,control,8,4,1999,0.6165,8.4545,1.193426865,224.4427106,377063.7538,0.105,1.664,0.0346185,8.69433344,14606.48018,0.857,9.3035,2.30616986,271.7830525,456595.5282Feather Falls,control,8,4,2000,0.665,9.1195,1.3885865,261.13898,438713.4864,0.054,1.718,0.00915624,9.26778536,15569.8794,0.7085,10.012,1.576192865,314.7540522,528786.8077Feather Falls,control,8,4,2001,0.5015,9.621,0.789717065,290.6498327,488291.7189,0.034,1.752,0.00362984,9.63824256,16192.2475,0.77,10.782,1.861706,365.0297854,613250.0395Feather Falls,control,8,4,2002,0.2795,9.9005,0.245297585,307.7824868,517074.5778,0.0395,1.7915,0.004899185,10.07774287,16930.60802,0.5555,11.3375,0.968941985,403.6121656,678068.4382Feather Falls,control,8,4,2003,0.1825,10.083,0.104581625,319.2340315,536313.1729,0.088,1.8795,0.02431616,11.09211359,18634.75083,0.3135,11.651,0.308606265,426.2418151,716086.2494Feather Falls,control,8,4,2004,0.233,10.316,0.17046746,334.1583478,561386.0243,0.0285,1.908,0.002550465,11.43105696,19204.17569,0.222,11.873,0.15475176,442.6399251,743635.0742Feather Falls,control,8,4,2005,0.197,10.513,0.12186026,347.0427507,583031.8212,0.046,1.954,0.00664424,11.98888424,20141.32552,0.321,12.194,0.32354874,466.898017,784388.6686Feather Falls,control,8,4,2006,0.233,10.746,0.17046746,362.5962602,609161.7171,0.0815,2.0355,0.020856665,13.00983719,21856.52648,0.2255,12.4195,0.159669785,484.326098,813667.8446Feather Falls,control,8,4,2007,0.2335,10.9795,0.171199865,378.5251796,635922.3017,0.048,2.0835,0.00723456,13.63065287,22899.49682,0.279,12.6985,0.24442074,506.3309731,850636.0348Feather Falls,control,8,4,2008,0.24,11.2195,0.180864,395.254346,664027.3013,0,2.0835,0,13.63065287,22899.49682,0.3145,13.013,0.310578185,531.7218507,893292.7092Feather Falls,control,8,14,1988,0,0,0,0,0,0.071,0.071,0.01582874,0.01582874,26.5922832,0,0,0,0,0Feather Falls,control,8,14,1989,0.068,0.068,0.01451936,0.01451936,24.3925248,0.1975,0.2685,0.122479625,0.226369665,380.3010372,0,0,0,0,0Feather Falls,control,8,14,1990,0.1595,0.2275,0.079882385,0.162514625,273.02457,0.1075,0.376,0.036286625,0.44392064,745.7866752,0.114,0.114,0.04080744,0.04080744,68.5564992Feather Falls,control,8,14,1991,0.2655,0.493,0.221339385,0.76317386,1282.132085,0.161,0.537,0.08139194,0.90547866,1521.204149,0.3275,0.4415,0.336784625,0.612055865,1028.253853Feather Falls,control,8,14,1992,0.3755,0.8685,0.442740785,2.368477665,3979.042477,0.1715,0.7085,0.092354465,1.576192865,2648.004013,0.377,0.8185,0.44628506,2.103618665,3534.079357Feather Falls,control,8,14,1993,0.519,1.3875,0.84579354,6.044990625,10155.58425,0.093,0.8015,0.02715786,2.017143065,3388.800349,0.514,1.3325,0.82957544,5.575246625,9366.41433Feather Falls,control,8,14,1994,0.673,2.0605,1.42219706,13.33137319,22396.70696,0.105,0.9065,0.0346185,2.580270665,4334.854717,0.689,2.0215,1.49062394,12.83149147,21556.90567Feather Falls,control,8,14,1995,0.52,2.5805,0.849056,20.90919799,35127.45262,0.1335,1.04,0.055961865,3.396224,5705.65632,0.768,2.7895,1.85204736,24.43331419,41047.96784Feather Falls,control,8,14,1996,0.488,3.0685,0.74777216,29.56527367,49669.65977,0.122,1.162,0.04673576,4.23976616,7122.807149,0.6105,3.4,1.170310185,36.2984,60981.312Feather Falls,control,8,14,1997,0.4855,3.554,0.740130185,39.66107624,66630.60808,0.1315,1.2935,0.054297665,5.253666665,8826.159997,0.625,4.025,1.2265625,50.8699625,85461.537Feather Falls,control,8,14,1998,0.374,3.928,0.43921064,48.44763776,81392.03144,0.069,1.3625,0.01494954,5.829115625,9792.91425,0.599,4.624,1.12663514,67.13752064,112791.0347Feather Falls,control,8,14,1999,0.316,4.244,0.31354784,56.55622304,95014.45471,0.104,1.4665,0.03396224,6.752953865,11344.96249,0.492,5.116,0.76008096,82.18465184,138070.2151Feather Falls,control,8,14,2000,0.3765,4.6205,0.445102065,67.03592359,112620.3516,0.099,1.5655,0.03077514,7.695481385,12928.40873,0.438,5.554,0.60239016,96.85931624,162723.6513Feather Falls,control,8,14,2001,0.2645,4.885,0.219675185,74.9305265,125883.2845,0.049,1.6145,0.00753914,8.184756185,13750.39039,0.459,6.013,0.66153834,113.5303707,190731.0228Feather Falls,control,8,14,2002,0.2155,5.1005,0.145822385,81.68741479,137234.8568,0.0805,1.695,0.020347985,9.0212985,15155.78148,0.3545,6.3675,0.394604585,127.3114766,213883.2807Feather Falls,control,8,14,2003,0.1505,5.251,0.071121785,86.57922314,145453.0949,0.064,1.759,0.01286144,9.71541434,16321.89609,0.308,6.6755,0.29787296,139.9256228,235075.0463Feather Falls,control,8,14,2004,0.1865,5.4375,0.109216265,92.83851563,155968.7063,0.067,1.826,0.01409546,10.46962664,17588.97276,0.1985,6.874,0.123723065,148.3708906,249263.0962Feather Falls,control,8,14,2005,0.1565,5.594,0.076905665,98.25950504,165075.9685,0.06,1.886,0.011304,11.16896744,18763.8653,0.276,7.15,0.23919264,160.52465,269681.412Feather Falls,control,8,14,2006,0.189,5.783,0.11216394,105.0112995,176418.9832,0.0305,1.9165,0.002920985,11.53313287,19375.66322,0.215,7.365,0.1451465,170.3237265,286143.8605Feather Falls,control,8,14,2007,0.1975,5.9805,0.122479625,112.306434,188674.8091,0.032,1.9485,0.00321536,11.92148807,20028.09996,0.2555,7.6205,0.204979985,182.3461436,306341.5212Feather Falls,control,8,14,2008,0.1785,6.159,0.100047465,119.1105023,200105.6439,0,1.9485,0,11.92148807,20028.09996,0.2715,7.892,0.231456465,195.570705,328558.7844Feather Falls,control,8,20,1988,0,0,0,0,0,0.0575,0.0575,0.010381625,0.010381625,17.44113,0,0,0,0,0Feather Falls,control,8,20,1989,0.265,0.265,0.2205065,0.2205065,370.45092,0.0685,0.126,0.014733665,0.04985064,83.7490752,0,0,0,0,0Feather Falls,control,8,20,1990,0.263,0.528,0.21719066,0.87538176,1470.641357,0.0895,0.2155,0.025152185,0.145822385,244.9816068,0.322,0.322,0.32556776,0.32556776,546.9538368Feather Falls,control,8,20,1991,0.559,1.087,0.98119034,3.71012666,6233.012789,0.097,0.3125,0.02954426,0.306640625,515.15625,0.331,0.653,0.34402154,1.33892426,2249.392757Feather Falls,control,8,20,1992,0.5815,1.6685,1.061766665,8.741421665,14685.5884,0.1235,0.436,0.047892065,0.59690144,1002.794419,0.6485,1.3015,1.320534065,5.318853065,8935.673149Feather Falls,control,8,20,1993,0.641,2.3095,1.29016634,16.74810139,28136.81034,0.126,0.562,0.04985064,0.99175016,1666.140269,0.6785,1.98,1.445537465,12.310056,20680.89408Feather Falls,control,8,20,1994,0.773,3.0825,1.87624106,29.83567163,50123.92834,0.14,0.702,0.061544,1.54740456,2599.639661,0.764,2.744,1.83280544,23.64274304,39719.80831Feather Falls,control,8,20,1995,0.8615,3.944,2.330452265,48.84312704,82056.45343,0.2405,0.9425,0.181618385,2.789281625,4685.99313,0.899,3.643,2.53775114,41.67234986,70009.54776Feather Falls,control,8,20,1996,0.813,4.757,2.07544266,71.05521386,119372.7593,0.102,1.0445,0.03266856,3.425677985,5755.139015,1.0015,4.6445,3.149427065,67.73413399,113793.3451Feather Falls,control,8,20,1997,0.7205,5.4775,1.630037585,94.20943963,158271.8586,0.1135,1.158,0.040450265,4.21062696,7073.853293,1.0535,5.698,3.484967465,101.9470206,171270.9946Feather Falls,control,8,20,1998,0.442,5.9195,0.61344296,110.027108,184845.5414,0.069,1.227,0.01494954,4.72736106,7941.966581,0.822,6.52,2.12164776,133.482656,224250.8621Feather Falls,control,8,20,1999,0.3175,6.237,0.316531625,122.1465307,205206.1716,0.0645,1.2915,0.013063185,5.237432865,8798.887213,0.5555,7.0755,0.968941985,157.1968788,264090.7564Feather Falls,control,8,20,2000,0.3285,6.5655,0.338844465,135.3521814,227391.6648,0.0855,1.377,0.022954185,5.95384506,10002.4597,0.3865,7.462,0.469060265,174.8397342,293730.7535Feather Falls,control,8,20,2001,0.303,6.8685,0.28828026,148.1335577,248864.3769,0.0655,1.4425,0.013471385,6.533731625,10976.66913,0.393,7.855,0.48496986,193.7412185,325485.2471Feather Falls,control,8,20,2002,0.272,7.1405,0.23230976,160.0983644,268965.2522,0.0625,1.505,0.012265625,7.1121785,11948.45988,0.388,8.243,0.47270816,213.3537339,358434.273Feather Falls,control,8,20,2003,0.2695,7.41,0.228058985,172.411434,289651.2091,0.092,1.597,0.02657696,8.00828426,13453.91756,0.3375,8.5805,0.357665625,231.182438,388386.4958Feather Falls,control,8,20,2004,0.2965,7.7065,0.276044465,186.4850467,313294.8785,0.0565,1.6535,0.010023665,8.584955465,14422.72518,0.332,8.9125,0.34610336,249.4185406,419023.1482Feather Falls,control,8,20,2005,0.303,8.0095,0.28828026,201.4375634,338415.1065,0.0585,1.712,0.010745865,9.20316416,15461.31579,0.3885,9.301,0.473927265,271.6370071,456350.1719Feather Falls,control,8,20,2006,0.3205,8.33,0.322541585,217.881146,366040.3253,0.091,1.803,0.02600234,10.20754026,17148.66764,0.3595,9.6605,0.405814385,293.0413172,492309.4129Feather Falls,control,8,20,2007,0.2445,8.5745,0.187709985,230.8592378,387843.5195,0.082,1.885,0.02111336,11.1571265,18743.97252,0.3785,10.039,0.449843465,316.4539759,531642.6795Feather Falls,control,8,20,2008,0.3365,8.911,0.355549265,249.3345919,418882.1144,0,1.885,0,11.1571265,18743.97252,0.3355,10.3745,0.353439185,337.9589858,567771.0961Feather Falls,control,24,1,1988,0.318,0.318,0.31752936,0.31752936,533.4493248,0.0425,0.0425,0.005671625,0.005671625,9.52833,0,0,0,0,0Feather Falls,control,24,1,1989,0.1615,0.4795,0.081898265,0.721949585,1212.875303,0.173,0.2155,0.09397706,0.145822385,244.9816068,0.36,0.36,0.406944,0.406944,683.66592Feather Falls,control,24,1,1990,0.348,0.8275,0.38026656,2.150134625,3612.22617,0.1335,0.349,0.055961865,0.38245514,642.5246352,0.3345,0.6945,0.351335385,1.514516985,2544.388535Feather Falls,control,24,1,1991,0.871,1.6985,2.38213274,9.058593065,15218.43635,0.184,0.533,0.10630784,0.89203946,1498.626293,0.4815,1.176,0.727984665,4.34254464,7295.474995Feather Falls,control,24,1,1992,0.5055,2.204,0.802364985,15.25291424,25624.89592,0.306,0.839,0.29401704,2.21031194,3713.324059,1.055,2.231,3.4948985,15.62891354,26256.57475Feather Falls,control,24,1,1993,0.7515,2.9555,1.773322065,27.42783799,46078.76782,0.2235,1.0625,0.156850065,3.544765625,5955.20625,0.811,3.042,2.06524394,29.05681896,48815.45585Feather Falls,control,24,1,1994,0.675,3.6305,1.4306625,41.38686499,69529.93318,0.197,1.2595,0.12186026,4.981108385,8368.262087,0.9745,4.0165,2.981901785,50.65533487,85100.96258Feather Falls,control,24,1,1995,0.675,4.3055,1.4306625,58.20721699,97788.12454,0.2175,1.477,0.148541625,6.85000106,11508.00178,0.872,4.8885,2.38760576,75.03793727,126063.7346Feather Falls,control,24,1,1996,0.6695,4.975,1.407442985,77.7169625,130564.497,0.259,1.736,0.21063434,9.46300544,15897.84914,0.892,5.7805,2.49838496,104.920526,176266.4837Feather Falls,control,24,1,1997,0.6745,5.6495,1.428543785,100.2189098,168367.7685,0.3265,2.0625,0.334731065,13.35726563,22440.20626,0.928,6.7085,2.70411776,141.3124729,237404.9545Feather Falls,control,24,1,1998,0.609,6.2585,1.16456634,122.9901019,206623.3712,0.302,2.3645,0.28638056,17.55530119,29492.906,1.0005,7.709,3.143140785,186.6060583,313498.1779Feather Falls,control,24,1,1999,0.5285,6.787,0.877040465,144.6389787,242993.4842,0.208,2.5725,0.13584896,20.77975463,34909.98778,0.911,8.62,2.60595194,233.315816,391970.5709Feather Falls,control,24,1,2000,0.47,7.257,0.693626,165.3651139,277813.3914,0.232,2.8045,0.16900736,24.69679159,41490.60987,0.7355,9.3555,1.698615185,274.829694,461713.8859Feather Falls,control,24,1,2001,0.494,7.751,0.76627304,188.6449231,316923.4708,0.206,3.0105,0.13324904,28.45816619,47809.7192,0.702,10.0575,1.54740456,317.6213816,533603.9211Feather Falls,control,24,1,2002,0.3115,8.0625,0.304681265,204.1122656,342908.6062,0.1385,3.149,0.060232265,31.13687114,52309.94352,0.6995,10.757,1.536402785,363.3389739,610409.4762Feather Falls,control,24,1,2003,0.2085,8.271,0.136502865,214.8056447,360873.4831,0.109,3.258,0.03730634,33.32973096,55993.94801,0.45,11.207,0.63585,394.3741059,662548.4979Feather Falls,control,24,1,2004,0.1665,8.4375,0.087047865,223.5410156,375548.9062,0.1015,3.3595,0.032349065,35.43879439,59537.17458,0.3175,11.5245,0.316531625,417.0362748,700620.9417Feather Falls,control,24,1,2005,0.214,8.6515,0.14379944,235.0241401,394840.5554,0.087,3.4465,0.02376666,37.29805747,62660.73655,0.268,11.7925,0.22552736,436.6579966,733585.4343Feather Falls,control,24,1,2006,0.193,8.8445,0.11696186,245.627066,412653.4709,0.0595,3.506,0.011116385,38.59699304,64842.94831,0.301,12.0935,0.28448714,459.2336107,771512.466Feather Falls,control,24,1,2007,0.268,9.1125,0.22552736,260.7382406,438040.2442,0.1835,3.6895,0.105730865,42.74296819,71808.18656,0.252,12.3455,0.19940256,478.5717026,804000.4604Feather Falls,control,24,1,2008,0.46,9.5725,0.664424,287.7268546,483381.1157,0.113,3.8025,0.04009466,45.40127963,76274.14978,0.4515,12.797,0.640096065,514.2164763,863883.6802Feather Falls,control,24,11,1988,0.064,0.064,0.01286144,0.01286144,21.6072192,0.028,0.028,0.00246176,0.00246176,4.1357568,0,0,0,0,0Feather Falls,control,24,11,1989,0.1295,0.1935,0.052658585,0.117568665,197.5153572,0.0595,0.0875,0.011116385,0.024040625,40.38825,0.0735,0.0735,0.016963065,0.016963065,28.4979492Feather Falls,control,24,11,1990,0.319,0.5125,0.31952954,0.824740625,1385.56425,0.1,0.1875,0.0314,0.110390625,185.45625,0.173,0.2465,0.09397706,0.190793465,320.5330212Feather Falls,control,24,11,1991,0.443,0.9555,0.61622186,2.866757985,4816.153415,0.1865,0.374,0.109216265,0.43921064,737.8738752,0.4045,0.651,0.513767585,1.33073514,2235.635035Feather Falls,control,24,11,1992,0.5125,1.468,0.824740625,6.76677536,11368.1826,0.1895,0.5635,0.112758185,0.997051265,1675.046125,0.5755,1.2265,1.039968785,4.723509065,7935.495229Feather Falls,control,24,11,1993,0.4915,1.9595,0.758536865,12.05647039,20254.87026,0.136,0.6995,0.05807744,1.536402785,2581.156679,0.6725,1.899,1.420084625,11.32347114,19023.43152Feather Falls,control,24,11,1994,0.678,2.6375,1.44340776,21.84311563,36696.43426,0.1175,0.817,0.043351625,2.09591546,3521.137973,0.681,2.58,1.45620954,20.901096,35113.84128Feather Falls,control,24,11,1995,0.7895,3.427,1.957194185,36.87719306,61953.68434,0.1295,0.9465,0.052658585,2.813007465,4725.852541,0.8185,3.3985,2.103618665,36.26637907,60927.51684Feather Falls,control,24,11,1996,0.718,4.145,1.61874536,53.9484185,90633.34308,0.1705,1.117,0.091280585,3.91774346,6581.809013,0.909,4.3075,2.59452234,58.26130663,97878.99514Feather Falls,control,24,11,1997,0.569,4.714,1.01660954,69.77643944,117224.4183,0.1315,1.2485,0.054297665,4.894482065,8222.729869,0.854,5.1615,2.29005224,83.65299827,140537.0371Feather Falls,control,24,11,1998,0.4275,5.1415,0.573854625,83.00596987,139450.0294,0.1085,1.357,0.036964865,5.78214986,9714.011765,0.7315,5.893,1.680189665,109.0441899,183194.239Feather Falls,control,24,11,1999,0.3605,5.502,0.408075185,95.05409256,159690.8755,0.13,1.487,0.053066,6.94307066,11664.35871,0.551,6.444,0.95330714,130.388927,219053.3974Feather Falls,control,24,11,2000,0.3605,5.8625,0.408075185,107.9183656,181302.8542,0.0785,1.5655,0.019349465,7.695481385,12928.40873,0.4715,6.9155,0.698060465,150.1678004,252281.9047Feather Falls,control,24,11,2001,0.26,6.1225,0.212264,117.7029196,197740.9049,0.048,1.6135,0.00723456,8.174620265,13733.36205,0.4845,7.4,0.737084385,171.9464,288869.952Feather Falls,control,24,11,2002,0.217,6.3395,0.14785946,126.1942772,212006.3857,0.045,1.6585,0.0063585,8.636953865,14510.08249,0.321,7.721,0.32354874,187.1874607,314474.934Feather Falls,control,24,11,2003,0.21,6.5495,0.138474,134.6932838,226284.7168,0.03,1.6885,0.002826,8.952241265,15039.76533,0.2565,7.9775,0.206587665,199.8311896,335716.3985Feather Falls,control,24,11,2004,0.2135,6.763,0.143128265,143.6178507,241277.9892,0.0345,1.723,0.003737385,9.32180906,15660.63922,0.241,8.2185,0.18237434,212.0873507,356306.7492Feather Falls,control,24,11,2005,0.2215,6.9845,0.154055465,153.1793744,257341.349,0.044,1.767,0.00607904,9.80398746,16470.69893,0.248,8.4665,0.19312256,225.0802939,378134.8938Feather Falls,control,24,11,2006,0.301,7.2855,0.28448714,166.6665222,279999.7573,0.0885,1.8555,0.024593265,10.81064399,18161.8819,0.255,8.7215,0.2041785,238.8427255,401255.7788Feather Falls,control,24,11,2007,0.2635,7.549,0.218017265,178.9404391,300619.9377,0.0635,1.919,0.012661265,11.56324154,19426.24579,0.3555,9.077,0.396833985,258.7106571,434633.9039Feather Falls,control,24,11,2008,0.1295,7.6785,0.052658585,185.1323975,311022.4278,0,1.919,0,11.56324154,19426.24579,0.339,9.416,0.36085194,278.3957158,467704.8025Feather Falls,control,24,17,1988,0,0,0,0,0,0.061,0.061,0.01168394,0.01168394,19.6290192,0,0,0,0,0Feather Falls,control,24,17,1989,0.1665,0.1665,0.087047865,0.087047865,146.2404132,0.115,0.176,0.0415265,0.09726464,163.4045952,0,0,0,0,0Feather Falls,control,24,17,1990,0.294,0.4605,0.27140904,0.665869185,1118.660231,0.0835,0.2595,0.021892865,0.211448385,355.2332868,0.2275,0.2275,0.162514625,0.162514625,273.02457Feather Falls,control,24,17,1991,0.267,0.7275,0.22384746,1.661864625,2791.93257,0.0805,0.34,0.020347985,0.362984,609.81312,0.4085,0.636,0.523978865,1.27011744,2133.797299Feather Falls,control,24,17,1992,0.2945,1.022,0.272332985,3.27967976,5509.861997,0.1,0.44,0.0314,0.607904,1021.27872,0.35,0.986,0.38465,3.05269544,5128.528339Feather Falls,control,24,17,1993,0.28,1.302,0.246176,5.32294056,8942.540141,0.085,0.525,0.0226865,0.8654625,1453.977,0.3745,1.3605,0.440385785,5.812015185,9764.185511Feather Falls,control,24,17,1994,0.344,1.646,0.37157504,8.50725224,14292.18376,0.105,0.63,0.0346185,1.246266,2093.72688,0.3795,1.74,0.452223585,9.506664,15971.19552Feather Falls,control,24,17,1995,0.2825,1.9285,0.250591625,11.67801247,19619.06095,0.1005,0.7305,0.031714785,1.675598985,2815.006295,0.428,2.168,0.57519776,14.75870336,24794.62164Feather Falls,control,24,17,1996,0.3995,2.328,0.501144785,17.01749376,28589.38952,0.086,0.8165,0.02322344,2.093350865,3516.829453,0.3875,2.5555,0.471490625,20.50602199,34450.11694Feather Falls,control,24,17,1997,0.37,2.698,0.429866,22.85670056,38399.25694,0.076,0.8925,0.01813664,2.501186625,4201.99353,0.5,3.0555,0.785,29.31529199,49249.69054Feather Falls,control,24,17,1998,0.282,2.98,0.24970536,27.884456,46845.88608,0.0445,0.937,0.006217985,2.75682266,4631.462069,0.456,3.5115,0.65291904,38.71818527,65046.55125Feather Falls,control,24,17,1999,0.204,3.184,0.13067424,31.83286784,53479.21797,0.0665,1.0035,0.013885865,3.162018465,5312.191021,0.3575,3.869,0.401311625,47.00316554,78965.31811Feather Falls,control,24,17,2000,0.1815,3.3655,0.103438665,35.56549339,59750.0289,0.0335,1.037,0.003523865,3.37665866,5672.786549,0.248,4.117,0.19312256,53.22202346,89412.99941Feather Falls,control,24,17,2001,0.1225,3.488,0.047119625,38.20169216,64178.84283,0.0255,1.0625,0.002041785,3.544765625,5955.20625,0.248,4.365,0.19312256,59.8271265,100509.5725Feather Falls,control,24,17,2002,0.081,3.569,0.02060154,39.99656954,67194.23683,0.02,1.0825,0.001256,3.679471625,6181.51233,0.156,4.521,0.07641504,64.17984474,107822.1392Feather Falls,control,24,17,2003,0.0645,3.6335,0.013063185,41.45529187,69644.89034,0.0255,1.108,0.002041785,3.85486496,6476.173133,0.1065,4.6275,0.035614665,67.23919463,112961.847Feather Falls,control,24,17,2004,0.0415,3.675,0.005407865,42.4076625,71244.873,0.0085,1.1165,0.000226865,3.914236865,6575.917933,0.0845,4.712,0.022420385,69.71724416,117124.9702Feather Falls,control,24,17,2005,0.0275,3.7025,0.002374625,43.04470963,72315.11218,0.0105,1.127,0.000346185,3.98820506,6700.184501,0.0665,4.7785,0.013885865,71.69895547,120454.2452Feather Falls,control,24,17,2006,0.0225,3.725,0.001589625,43.5694625,73196.697,0.023,1.15,0.00166106,4.15265,6976.452,0.0355,4.814,0.003957185,72.76823144,122250.6288Feather Falls,control,24,17,2007,0.0315,3.7565,0.003115665,44.30945767,74439.88889,0,1.15,0,4.15265,6976.452,0.033,4.847,0.00341946,73.76930426,123932.4312Feather Falls,control,24,17,2008,0.0345,3.791,0.003737385,45.12707834,75813.49161,0,1.15,0,4.15265,6976.452,0.0545,4.9015,0.009326585,75.43756507,126735.1093Feather Falls,fertilizer,2,3,1988,0.102,0.102,0.03266856,0.03266856,54.8831808,0,0,0,0,0,0,0,0,0,0Feather Falls,fertilizer,2,3,1989,0.4325,0.5345,0.587356625,0.897067385,1507.073207,0.068,0.068,0.01451936,0.01451936,24.3925248,0.1325,0.1325,0.055126625,0.055126625,92.61273Feather Falls,fertilizer,2,3,1990,0.5525,1.087,0.958504625,3.71012666,6233.012789,0.1135,0.1815,0.040450265,0.103438665,173.7769572,0.522,0.6545,0.85559976,1.345082585,2259.738743Feather Falls,fertilizer,2,3,1991,0.575,1.662,1.0381625,8.67344616,14571.38955,0.149,0.3305,0.06971114,0.342982985,576.2114148,0.6885,1.343,1.488461265,5.66345786,9514.609205Feather Falls,fertilizer,2,3,1992,0.816,2.478,2.09078784,19.28111976,32392.2812,0.236,0.5665,0.17488544,1.007695865,1692.929053,0.8145,2.1575,2.083108185,14.61609163,24555.03394Feather Falls,fertilizer,2,3,1993,0.939,3.417,2.76860394,36.66229146,61592.64965,0.333,0.8995,0.34819146,2.540574785,4268.165639,1.0835,3.241,3.686272865,32.98281434,55411.12809Feather Falls,fertilizer,2,3,1994,0.966,4.383,2.93010984,60.32156346,101340.2266,0.3225,1.222,0.326579625,4.68891176,7877.371757,1.2355,4.4765,4.793085185,62.92262407,105710.0084Feather Falls,fertilizer,2,3,1995,1.078,5.461,3.64894376,93.64271594,157319.7628,0.382,1.604,0.45820136,8.07864224,13572.11896,1.319,5.7955,5.46284954,105.4657556,177182.4694Feather Falls,fertilizer,2,3,1996,1.2025,6.6635,4.540459625,139.4230093,234230.6556,0.306,1.91,0.29401704,11.455034,19244.45712,1.4105,7.206,6.247062185,163.049009,273922.3351Feather Falls,fertilizer,2,3,1997,0.8275,7.491,2.150134625,176.2013543,296018.2752,0.2115,2.1215,0.140459265,14.13239347,23742.42103,1.514,8.72,7.19749544,238.760576,401117.7677Feather Falls,fertilizer,2,3,1998,0.484,7.975,0.73556384,199.7059625,335506.017,0.1635,2.285,0.083939265,16.3946465,27543.00612,0.975,9.695,2.9849625,295.1380985,495832.0055Feather Falls,fertilizer,2,3,1999,0.617,8.592,1.19536346,231.802537,389428.2622,0.1865,2.4715,0.109216265,19.18010047,32222.56879,0.654,10.349,1.34302824,336.2996551,564983.4206Feather Falls,fertilizer,2,3,2000,0.6775,9.2695,1.441279625,269.800199,453264.3343,0.183,2.6545,0.10515546,22.12560259,37171.01235,0.801,11.15,2.01462714,390.37265,655826.052Feather Falls,fertilizer,2,3,2001,0.4285,9.698,0.576542465,295.3207806,496138.9114,0.198,2.8525,0.12310056,25.54941463,42923.01658,0.919,12.069,2.65192154,457.3747895,768389.6464Feather Falls,fertilizer,2,3,2002,0.3555,10.0535,0.396833985,317.3687875,533179.563,0.094,2.9465,0.02774504,27.26104747,45798.55975,0.533,12.602,0.89203946,498.6646686,837756.6432Feather Falls,fertilizer,2,3,2003,0.4455,10.499,0.623196585,346.1190631,581480.026,0.1645,3.111,0.084969185,30.38992794,51055.07894,0.5025,13.1045,0.792869625,539.2256696,905899.1249Feather Falls,fertilizer,2,3,2004,0.4755,10.9745,0.709954785,378.1805018,635343.243,0.172,3.283,0.09289376,33.84319946,56856.57509,0.571,13.6755,1.02376874,587.2406028,986564.2127Feather Falls,fertilizer,2,3,2005,0.337,11.3115,0.35660666,401.7631013,674962.0102,0.11,3.393,0.037994,36.14908986,60730.47096,0.621,14.2965,1.21091274,641.7843245,1078197.665Feather Falls,fertilizer,2,3,2006,0.4155,11.727,0.542090385,431.8207411,725458.845,0.114,3.507,0.04080744,38.61901386,64879.94328,0.4595,14.756,0.662980385,683.702143,1148619.6Feather Falls,fertilizer,2,3,2007,0.334,12.061,0.35028584,456.7686439,767371.3218,0.167,3.674,0.08757146,42.38458664,71206.10556,0.534,15.29,0.89538984,734.082074,1233257.884Feather Falls,fertilizer,2,3,2008,0.268,12.329,0.22552736,477.2933167,801852.7721,0.139,3.813,0.06066794,45.65236266,76695.96927,0.503,15.793,0.79444826,783.1751859,1315734.312Feather Falls,fertilizer,2,6,1988,0,0,0,0,0,0,0,0,0,0,0,0,0,0,0Feather Falls,fertilizer,2,6,1989,0.2475,0.2475,0.192344625,0.192344625,323.13897,0.078,0.078,0.01910376,0.01910376,32.0943168,0,0,0,0,0Feather Falls,fertilizer,2,6,1990,0.086,0.3335,0.02322344,0.349237865,586.7196132,0.062,0.14,0.01207016,0.061544,103.39392,0.325,0.325,0.3316625,0.3316625,557.193Feather Falls,fertilizer,2,6,1991,0.3155,0.649,0.312556385,1.32257114,2221.919515,0.1485,0.2885,0.069244065,0.261349265,439.0667652,0.1475,0.4725,0.068314625,0.701024625,1177.72137Feather Falls,fertilizer,2,6,1992,0.381,1.03,0.45580554,3.331226,5596.45968,0.1755,0.464,0.096712785,0.67602944,1135.729459,0.464,0.9365,0.67602944,2.753881265,4626.520525Feather Falls,fertilizer,2,6,1993,0.5165,1.5465,0.837664865,7.509819465,12616.4967,0.2575,0.7215,0.208201625,1.634565465,2746.069981,0.5565,1.493,0.972433665,6.99921386,11758.67928Feather Falls,fertilizer,2,6,1994,0.659,2.2055,1.36364234,15.27368299,25659.78742,0.203,0.9245,0.12939626,2.683758785,4508.714759,0.774,2.267,1.88109864,16.13736746,27110.77733Feather Falls,fertilizer,2,6,1995,0.84,3.0455,2.215584,29.12372059,48927.85059,0.2145,1.139,0.144472185,4.07358794,6843.627739,0.862,3.129,2.33315816,30.74261274,51647.5894Feather Falls,fertilizer,2,6,1996,0.7915,3.837,1.967122865,46.22886666,77664.49599,0.323,1.462,0.32759306,6.71157416,11275.44459,1.0545,4.1835,3.491586585,54.95525087,92324.82146Feather Falls,fertilizer,2,6,1997,0.7085,4.5455,1.576192865,64.87733059,108993.9154,0.299,1.761,0.28071914,9.73751994,16359.0335,1.1135,5.297,3.893230265,88.10277626,148012.6641Feather Falls,fertilizer,2,6,1998,0.7305,5.276,1.675598985,87.40559264,146841.3956,0.271,2.032,0.23060474,12.96513536,21781.4274,1.007,6.304,3.18411386,124.7849062,209638.6424Feather Falls,fertilizer,2,6,1999,0.591,5.867,1.09674234,108.0841035,181581.2939,0.3085,2.3405,0.298840865,17.20073239,28897.23042,1.001,7.305,3.14628314,167.5598985,281500.6295Feather Falls,fertilizer,2,6,2000,0.7315,6.5985,1.680189665,136.7162351,229683.275,0.251,2.5915,0.19782314,21.08783887,35427.5693,0.899,8.204,2.53775114,211.3396342,355050.5855Feather Falls,fertilizer,2,6,2001,0.4525,7.051,0.642934625,156.1101271,262265.0135,0.097,2.6885,0.02954426,22.69602127,38129.31573,0.9825,9.1865,3.031061625,264.9901963,445183.5298Feather Falls,fertilizer,2,6,2002,0.271,7.322,0.23060474,168.3406878,282812.3555,0.0745,2.763,0.017427785,23.97129066,40271.76831,0.5495,9.736,0.948123785,297.6396454,500034.6043Feather Falls,fertilizer,2,6,2003,0.2355,7.5575,0.174145185,179.3436316,301297.3011,0.157,2.92,0.07739786,26.772896,44978.46528,0.345,10.081,0.3737385,319.1074015,536100.4345Feather Falls,fertilizer,2,6,2004,0.297,7.8545,0.27697626,193.7165546,325443.8117,0.161,3.081,0.08139194,29.80664154,50075.15779,0.3925,10.4735,0.483736625,344.4397951,578658.8558Feather Falls,fertilizer,2,6,2005,0.3135,8.168,0.308606265,209.4889434,351941.4249,0.1035,3.1845,0.033636465,31.84286639,53496.01554,0.458,10.9315,0.65865896,375.2227537,630374.2262Feather Falls,fertilizer,2,6,2006,0.2525,8.4205,0.200194625,222.6411356,374037.1078,0.0985,3.283,0.030465065,33.84319946,56856.57509,0.417,11.3485,0.54601146,404.3957401,679384.8434Feather Falls,fertilizer,2,6,2007,0.205,8.6255,0.1319585,233.6136458,392470.9249,0.177,3.46,0.09837306,37.590824,63152.58432,0.3505,11.699,0.385749785,429.7611271,721998.6935Feather Falls,fertilizer,2,6,2008,0.2525,8.878,0.200194625,247.4912958,415785.3769,0.084,3.544,0.02215584,39.43819904,66256.17439,0.382,12.081,0.45820136,458.2847615,769918.3993Feather Falls,fertilizer,2,18,1988,0,0,0,0,0,0,0,0,0,0,0,0,0,0,0Feather Falls,fertilizer,2,18,1989,0.0915,0.0915,0.026288865,0.026288865,44.1652932,0.026,0.026,0.00212264,0.00212264,3.5660352,0,0,0,0,0Feather Falls,fertilizer,2,18,1990,0.165,0.2565,0.0854865,0.206587665,347.0672772,0.044,0.07,0.00607904,0.015386,25.84848,0.1175,0.1175,0.043351625,0.043351625,72.83073Feather Falls,fertilizer,2,18,1991,0.4455,0.702,0.623196585,1.54740456,2599.639661,0.098,0.168,0.03015656,0.08862336,148.8872448,0.209,0.3265,0.13715834,0.334731065,562.3481892Feather Falls,fertilizer,2,18,1992,0.4895,1.1915,0.752376185,4.457770865,7489.055053,0.1805,0.3485,0.102301985,0.381360065,640.6849092,0.5435,0.87,0.927531665,2.376666,3992.79888Feather Falls,fertilizer,2,18,1993,0.6645,1.856,1.386499185,10.81647104,18171.67135,0.16,0.5085,0.080384,0.811916865,1364.020333,0.6695,1.5395,1.407442985,7.441989185,12502.54183Feather Falls,fertilizer,2,18,1994,0.6945,2.5505,1.514516985,20.42585779,34315.44109,0.1565,0.665,0.076905665,1.3885865,2332.82532,0.824,2.3635,2.13198464,17.54045527,29467.96485Feather Falls,fertilizer,2,18,1995,0.818,3.3685,2.10104936,35.62892767,59856.59849,0.1395,0.8045,0.061105185,2.032271585,3414.216263,0.851,3.2145,2.27399114,32.44565219,54508.69568Feather Falls,fertilizer,2,18,1996,0.9895,4.358,3.074406185,59.63539496,100187.4635,0.1685,0.973,0.089151665,2.97272906,4994.184821,0.9575,4.172,2.878771625,54.65353376,91817.93672Feather Falls,fertilizer,2,18,1997,0.873,5.231,2.39308506,85.92095354,144347.2019,0.143,1.116,0.06420986,3.91073184,6570.029491,1.158,5.33,4.21062696,89.203946,149862.6293Feather Falls,fertilizer,2,18,1998,0.688,5.919,1.48630016,110.0085215,184814.3161,0.137,1.253,0.05893466,4.92982826,8282.111477,1.016,6.346,3.24128384,126.4531882,212441.3562Feather Falls,fertilizer,2,18,1999,0.5385,6.4575,0.910544265,130.9358216,219972.1803,0.0755,1.3285,0.017898785,5.541824465,9310.265101,0.825,7.171,2.1371625,161.4689767,271267.8809Feather Falls,fertilizer,2,18,2000,0.491,6.9485,0.75699434,151.6043881,254695.372,0.122,1.4505,0.04673576,6.606403785,11098.75836,0.614,7.785,1.18376744,190.3035465,319709.9581Feather Falls,fertilizer,2,18,2001,0.403,7.3515,0.50996426,169.6998941,285095.8221,0.071,1.5215,0.01582874,7.268981465,12211.88886,0.6125,8.3975,1.177990625,221.4265396,371996.5865Feather Falls,fertilizer,2,18,2002,0.2045,7.556,0.131315585,179.272447,301177.711,0.043,1.5645,0.00580586,7.685653185,12911.89735,0.4735,8.871,0.703995065,247.1011727,415129.9701Feather Falls,fertilizer,2,18,2003,0.113,7.669,0.04009466,184.6745815,310253.2969,0.051,1.6155,0.00816714,8.194898385,13767.42929,0.247,9.118,0.19156826,261.0530814,438569.1768Feather Falls,fertilizer,2,18,2004,0.0935,7.7625,0.027450665,189.2051156,317864.5942,0.0345,1.65,0.003737385,8.54865,14361.732,0.1635,9.2815,0.083939265,270.4992007,454438.6572Feather Falls,fertilizer,2,18,2005,0.0495,7.812,0.007693785,191.6258602,321931.4451,0.028,1.678,0.00246176,8.84124776,14853.29624,0.1275,9.409,0.051044625,277.9819423,467009.6631Feather Falls,fertilizer,2,18,2006,0.049,7.861,0.00753914,194.0373079,325982.6773,0.02,1.698,0.001256,9.05326056,15209.47774,0.0775,9.4865,0.018859625,282.5801623,474734.6727Feather Falls,fertilizer,2,18,2007,0.041,7.902,0.00527834,196.0666366,329391.9495,0.0295,1.7275,0.002732585,9.370564625,15742.54857,0.069,9.5555,0.01494954,286.705802,481665.7474Feather Falls,fertilizer,2,18,2008,0.04,7.942,0.005024,198.056643,332735.1602,0.0335,1.761,0.003523865,9.73751994,16359.0335,0.0705,9.626,0.015606585,290.9520106,488799.3778Feather Falls,fertilizer,11,1,1988,0.1325,0.1325,0.055126625,0.055126625,92.61273,0,0,0,0,0,0.1205,0.1205,0.045593585,0.045593585,76.5972228Feather Falls,fertilizer,11,1,1989,0.3955,0.528,0.491159585,0.87538176,1470.641357,0.0275,0.0275,0.002374625,0.002374625,3.98937,0.4055,0.526,0.516310985,0.86876264,1459.521235Feather Falls,fertilizer,11,1,1990,0.557,1.085,0.97418186,3.6964865,6210.09732,0.1075,0.135,0.036286625,0.0572265,96.14052,0.868,1.394,2.36575136,6.10176104,10250.95855Feather Falls,fertilizer,11,1,1991,0.5115,1.5965,0.821525265,8.003270465,13445.49438,0.162,0.297,0.08240616,0.27697626,465.3201168,1.1155,2.5095,3.907228385,19.77443339,33221.0481Feather Falls,fertilizer,11,1,1992,0.58,2.1765,1.056296,14.87465807,24989.42556,0.242,0.539,0.18389096,0.91223594,1532.556379,1.3835,3.893,6.010186865,47.58810986,79948.02456Feather Falls,fertilizer,11,1,1993,0.6795,2.856,1.449801585,25.61215104,43028.41375,0.3465,0.8855,0.376995465,2.462106185,4136.338391,1.325,5.218,5.5126625,85.49442536,143630.6346Feather Falls,fertilizer,11,1,1994,0.865,3.721,2.3494265,43.47594074,73039.58044,0.2595,1.145,0.211448385,4.1166185,6915.91908,1.136,6.354,4.05215744,126.7722122,212977.3165Feather Falls,fertilizer,11,1,1995,1.0865,4.8075,3.706714265,72.57185663,121920.7191,0.2465,1.3915,0.190793465,6.079894865,10214.22337,1.209,7.563,4.58967834,179.6047627,301736.0013Feather Falls,fertilizer,11,1,1996,1.043,5.8505,3.41584586,107.4770198,180561.3933,0.3265,1.718,0.334731065,9.26778536,15569.8794,0.889,8.452,2.48160794,224.3099946,376840.7909Feather Falls,fertilizer,11,1,1997,0.9045,6.755,2.568897585,143.2782785,240707.5079,0.33,2.048,0.341946,13.17011456,22125.79246,0.6265,9.0785,1.232457065,258.7961695,434777.5648Feather Falls,fertilizer,11,1,1998,0.721,7.476,1.63230074,175.4964086,294833.9664,0.195,2.243,0.1193985,15.79749386,26539.78968,0.5555,9.634,0.968941985,291.4358218,489612.1806Feather Falls,fertilizer,11,1,1999,0.5575,8.0335,0.975931625,202.6465639,340446.2274,0.183,2.426,0.10515546,18.48039464,31047.063,0.5705,10.2045,1.021976585,326.9739156,549316.1782Feather Falls,fertilizer,11,1,2000,0.519,8.5525,0.84579354,229.6761046,385855.8557,0.1565,2.5825,0.076905665,20.94162163,35181.92434,0.4,10.6045,0.5024,353.1100196,593224.8329Feather Falls,fertilizer,11,1,2001,0.35,8.9025,0.38465,248.8591496,418083.3713,0.163,2.7455,0.08342666,23.66859859,39763.24563,0.311,10.9155,0.30370394,374.1251604,628530.2695Feather Falls,fertilizer,11,1,2002,0.2055,9.108,0.132602985,260.480785,437607.7188,0.044,2.7895,0.00607904,24.43331419,41047.96784,0.208,11.1235,0.13584896,388.5192721,652712.3771Feather Falls,fertilizer,11,1,2003,0.2085,9.3165,0.136502865,272.5431209,457872.4431,0.0905,2.88,0.025717385,26.044416,43754.61888,0.2735,11.397,0.234879065,407.8596523,685204.2159Feather Falls,fertilizer,11,1,2004,0.2075,9.524,0.135196625,284.8186486,478495.3296,0.099,2.979,0.03077514,27.86574474,46814.45116,0.1955,11.5925,0.120011585,421.9722166,708913.3239Feather Falls,fertilizer,11,1,2005,0.2185,9.7425,0.149910665,298.0372016,500702.4987,0.0725,3.0515,0.016504625,29.23858807,49120.82796,0.255,11.8475,0.2041785,440.7406246,740444.2493Feather Falls,fertilizer,11,1,2006,0.227,9.9695,0.16180106,312.087521,524307.0353,0.077,3.1285,0.01861706,30.73278847,51631.08463,0.29,12.1375,0.264074,462.5813656,777136.6942Feather Falls,fertilizer,11,1,2007,0.1805,10.15,0.102301985,323.49065,543464.292,0.093,3.2215,0.02715786,32.58711547,54746.35399,0.296,12.4335,0.27511424,485.4186359,815503.3083Feather Falls,fertilizer,11,1,2008,0.1225,10.2725,0.047119625,331.3461646,556661.5565,0.0875,3.309,0.024040625,34.38137034,57760.70217,0.024,12.4575,0.00180864,487.2944216,818654.6283Feather Falls,fertilizer,11,4,1988,0.0555,0.0555,0.009671985,0.009671985,16.2489348,0,0,0,0,0,0,0,0,0,0Feather Falls,fertilizer,11,4,1989,0.1535,0.209,0.073985465,0.13715834,230.4260112,0.0805,0.0805,0.020347985,0.020347985,34.1846148,0.0745,0.0745,0.017427785,0.017427785,29.2786788Feather Falls,fertilizer,11,4,1990,0.1685,0.3775,0.089151665,0.447469625,751.74897,0.0725,0.153,0.016504625,0.07350426,123.4871568,0.2505,0.325,0.197035785,0.3316625,557.193Feather Falls,fertilizer,11,4,1991,0.3585,0.736,0.403559865,1.70092544,2857.554739,0.0925,0.2455,0.026866625,0.189248585,317.9376228,0.2625,0.5875,0.216365625,1.083790625,1820.76825Feather Falls,fertilizer,11,4,1992,0.4195,1.1555,0.552577985,4.192465985,7043.342855,0.173,0.4185,0.09397706,0.549946665,923.9103972,0.4915,1.079,0.758536865,3.65571674,6141.604123Feather Falls,fertilizer,11,4,1993,0.428,1.5835,0.57519776,7.873462865,13227.41761,0.225,0.6435,0.1589625,1.300249665,2184.419437,0.5995,1.6785,1.128516785,8.846517465,14862.14934Feather Falls,fertilizer,11,4,1994,0.613,2.1965,1.17991466,15.14928247,25450.79455,0.1295,0.773,0.052658585,1.87624106,3152.084981,0.6015,2.28,1.136059065,16.322976,27422.59968Feather Falls,fertilizer,11,4,1995,0.764,2.9605,1.83280544,27.52071919,46234.80824,0.1845,0.9575,0.106886385,2.878771625,4836.33633,0.77,3.05,1.861706,29.20985,49072.548Feather Falls,fertilizer,11,4,1996,0.9495,3.91,2.830867785,48.004634,80647.78512,0.201,1.1585,0.12685914,4.214263865,7079.963293,1.005,4.055,3.1714785,51.6310985,86740.24548Feather Falls,fertilizer,11,4,1997,0.77,4.68,1.861706,68.773536,115539.5405,0.2625,1.421,0.216365625,6.34041674,10651.90012,1.1285,5.1835,3.998828465,84.36763087,141737.6199Feather Falls,fertilizer,11,4,1998,0.4715,5.1515,0.698060465,83.32917007,139993.0057,0.147,1.568,0.06785226,7.72007936,12969.73332,0.963,6.1465,2.91193866,118.6275115,199294.2193Feather Falls,fertilizer,11,4,1999,0.4355,5.587,0.595533185,98.01374666,164663.0944,0.2025,1.7705,0.128759625,9.842864585,16536.0125,0.662,6.8085,1.37608616,145.5568109,244535.4423Feather Falls,fertilizer,11,4,2000,0.321,5.908,0.32354874,109.600017,184128.0286,0.15,1.9205,0.07065,11.58132559,19456.62699,0.601,7.4095,1.13417114,172.3881674,289612.1212Feather Falls,fertilizer,11,4,2001,0.2425,6.1505,0.184651625,118.7819618,199553.6958,0.0835,2.004,0.021892865,12.61029024,21185.2876,0.449,7.8585,0.63302714,193.9139099,325775.3686Feather Falls,fertilizer,11,4,2002,0.149,6.2995,0.06971114,124.6068188,209339.4556,0.0385,2.0425,0.004654265,13.09947163,22007.11234,0.3045,8.163,0.291141585,209.2325467,351510.6785Feather Falls,fertilizer,11,4,2003,0.13,6.4295,0.053066,129.8027966,218068.6983,0.0405,2.083,0.005150385,13.62411146,22888.50725,0.1875,8.3505,0.110390625,218.9548698,367844.1813Feather Falls,fertilizer,11,4,2004,0.0805,6.51,0.020347985,133.073514,223563.5035,0.035,2.118,0.0038465,14.08580136,23664.14628,0.169,8.5195,0.08968154,227.907104,382883.9347Feather Falls,fertilizer,11,4,2005,0.0445,6.5545,0.006217985,134.8990166,226630.3479,0.0215,2.1395,0.001451465,14.37322519,24147.01832,0.114,8.6335,0.04080744,234.0471919,393199.2824Feather Falls,fertilizer,11,4,2006,0.049,6.6035,0.00753914,136.9235065,230031.4909,0.037,2.1765,0.00429866,14.87465807,24989.42556,0.076,8.7095,0.01813664,238.1859254,400152.3547Feather Falls,fertilizer,11,4,2007,0.0555,6.659,0.009671985,139.2347623,233914.4007,0.03,2.2065,0.002826,15.28753667,25683.06161,0.078,8.7875,0.01910376,242.4712906,407351.7682Feather Falls,fertilizer,11,4,2008,0.035,6.694,0.0038465,140.702257,236379.7918,0.0195,2.226,0.001193985,15.55893864,26139.01692,0.08,8.8675,0.020096,246.9062266,414802.4607Feather Falls,fertilizer,11,15,1988,0,0,0,0,0,0,0,0,0,0,0,0,0,0,0Feather Falls,fertilizer,11,15,1989,0,0,0,0,0,0.034,0.034,0.00362984,0.00362984,6.0981312,0,0,0,0,0Feather Falls,fertilizer,11,15,1990,0.5545,0.5545,0.965456585,0.965456585,1621.967063,0.056,0.09,0.00984704,0.025434,42.72912,0,0,0,0,0Feather Falls,fertilizer,11,15,1991,0.5785,1.133,1.050839465,4.03078346,6771.716213,0.2075,0.2975,0.135196625,0.277909625,466.88817,0.5875,0.5875,1.083790625,1.083790625,1820.76825Feather Falls,fertilizer,11,15,1992,0.555,1.688,0.9671985,8.94694016,15030.85947,0.257,0.5545,0.20739386,0.965456585,1621.967063,0.634,1.2215,1.26214184,4.685075465,7870.926781Feather Falls,fertilizer,11,15,1993,0.6155,2.3035,1.189558385,16.66119247,27990.80335,0.1585,0.713,0.078883865,1.59627866,2681.748149,0.7625,1.984,1.825615625,12.35984384,20764.53765Feather Falls,fertilizer,11,15,1994,0.833,3.1365,2.17881146,30.89016527,51895.47765,0.2035,0.9165,0.130034465,2.637512865,4431.021613,0.8725,2.8565,2.390344625,25.62111967,43043.48105Feather Falls,fertilizer,11,15,1995,0.846,3.9825,2.24734824,49.80136163,83666.28754,0.437,1.3535,0.59964266,5.752361465,9663.967261,0.9915,3.848,3.086846865,46.49430656,78110.43502Feather Falls,fertilizer,11,15,1996,1.073,5.0555,3.61517306,80.25237199,134823.9849,0.4185,1.772,0.549946665,9.85954976,16564.0436,1.0495,4.8975,3.458553785,75.31448963,126528.3426Feather Falls,fertilizer,11,15,1997,0.975,6.0305,2.9849625,114.192161,191842.8305,0.3905,2.1625,0.478819385,14.68391563,24668.97826,1.5095,6.407,7.154773385,128.8958979,216545.1085Feather Falls,fertilizer,11,15,1998,0.832,6.8625,2.17358336,147.8748656,248429.7742,0.39,2.5525,0.477594,20.45790463,34369.27978,1.393,7.8,6.09300986,191.0376,320943.168Feather Falls,fertilizer,11,15,1999,0.567,7.4295,1.00947546,173.3200566,291177.6951,0.316,2.8685,0.31354784,25.83683767,43405.88729,1.2225,9.0225,4.692749625,255.6132896,429430.3265Feather Falls,fertilizer,11,15,2000,0.7765,8.206,1.893270065,211.442689,355223.7175,0.2475,3.116,0.192344625,30.48769184,51219.32229,0.957,9.9795,2.87576586,312.7139196,525359.3849Feather Falls,fertilizer,11,15,2001,0.6735,8.8795,1.424311065,247.5749336,415925.8884,0.16,3.276,0.080384,33.69903264,56614.37484,1.0925,11.072,3.747766625,384.9300378,646682.4635Feather Falls,fertilizer,11,15,2002,0.473,9.3525,0.70250906,274.6534646,461417.8205,0.094,3.37,0.02774504,35.660666,59909.91888,0.921,11.993,2.66347674,451.6326339,758742.825Feather Falls,fertilizer,11,15,2003,0.4095,9.762,0.526547385,299.2314622,502708.8565,0.1595,3.5295,0.079882385,39.11614259,65715.11955,0.6325,12.6255,1.256176625,500.5262058,840884.0257Feather Falls,fertilizer,11,15,2004,0.4455,10.2075,0.623196585,327.1661966,549639.2103,0.09,3.6195,0.025434,41.13644999,69109.23598,0.503,13.1285,0.79444826,541.2025885,909220.3487Feather Falls,fertilizer,11,15,2005,0.3835,10.591,0.461806865,352.2115423,591715.3911,0.124,3.7435,0.04828064,44.00330767,73925.55689,0.6045,13.733,1.147419585,592.1892075,994877.8686Feather Falls,fertilizer,11,15,2006,0.305,10.896,0.2920985,372.7896422,626286.5989,0.198,3.9415,0.12310056,48.78122587,81952.45946,0.4735,14.2065,0.703995065,633.7293767,1064665.353Feather Falls,fertilizer,11,15,2007,0.2155,11.1115,0.145822385,387.6814573,651304.8483,0.1295,4.071,0.052658585,52.03934874,87426.10588,0.429,14.6355,0.57788874,672.5812812,1129936.552Feather Falls,fertilizer,11,15,2008,0.2825,11.394,0.250591625,407.644961,684843.5345,0,4.071,0,52.03934874,87426.10588,0.4135,15.049,0.536884265,711.1233391,1194687.21Feather Falls,fertilizer,14,4,1988,0.246,0.246,0.19002024,0.19002024,319.2340032,0,0,0,0,0,0,0,0,0,0Feather Falls,fertilizer,14,4,1989,0.543,0.789,0.92582586,1.95471594,3283.922779,0.076,0.076,0.01813664,0.01813664,30.4695552,0.322,0.322,0.32556776,0.32556776,546.9538368Feather Falls,fertilizer,14,4,1990,0.5725,1.3615,1.029154625,5.820562265,9778.544605,0.112,0.188,0.03938816,0.11098016,186.4466688,0.655,0.977,1.3471385,2.99722106,5035.331381Feather Falls,fertilizer,14,4,1991,0.789,2.1505,1.95471594,14.52140179,24395.95501,0.108,0.296,0.03662496,0.27511424,462.1919232,0.68,1.657,1.451936,8.62133786,14483.8476Feather Falls,fertilizer,14,4,1992,0.7165,2.867,1.611988865,25.80982346,43360.50341,0.182,0.478,0.10400936,0.71743976,1205.298797,0.97,2.627,2.954426,21.66954506,36404.8357Feather Falls,fertilizer,14,4,1993,0.844,3.711,2.23673504,43.24257594,72647.52758,0.126,0.604,0.04985064,1.14552224,1924.477363,0.8425,3.4695,2.228791625,37.79753099,63499.85206Feather Falls,fertilizer,14,4,1994,0.874,4.585,2.39857064,66.0097865,110896.4413,0.143,0.747,0.06420986,1.75214826,2943.609077,0.987,4.4565,3.05889066,62.36163167,104767.5412Feather Falls,fertilizer,14,4,1995,1.1075,5.6925,3.851386625,101.7503066,170940.5151,0.157,0.904,0.07739786,2.56605824,4310.977843,1.031,5.4875,3.33769754,94.55374063,158850.2843Feather Falls,fertilizer,14,4,1996,0.9815,6.674,3.024894665,139.8627466,234969.4143,0.205,1.109,0.1319585,3.86182634,6487.868251,1.312,6.7995,5.40502016,145.1722488,243889.378Feather Falls,fertilizer,14,4,1997,0.75,7.424,1.76625,173.0635366,290746.7415,0.1755,1.2845,0.096712785,5.180812385,8703.764807,1.157,7.9565,4.20335786,198.7805017,333951.2429Feather Falls,fertilizer,14,4,1998,0.55,7.974,0.94985,199.6558826,335421.8828,0.111,1.3955,0.03868794,6.114899585,10273.0313,0.8605,8.817,2.325045185,244.1019955,410091.3524Feather Falls,fertilizer,14,4,1999,0.632,8.606,1.25419136,232.558561,390698.3825,0.1295,1.525,0.052658585,7.3024625,12268.137,0.679,9.496,1.44766874,283.1464102,475685.9691Feather Falls,fertilizer,14,4,2000,0.504,9.11,0.79761024,260.595194,437799.9259,0.082,1.607,0.02111336,8.10888986,13622.93496,0.714,10.21,1.60075944,327.326474,549908.4763Feather Falls,fertilizer,14,4,2001,0.359,9.469,0.40468634,281.5385575,472984.7766,0.083,1.69,0.02163146,8.968154,15066.49872,0.587,10.797,1.08194666,366.0461563,614957.5426Feather Falls,fertilizer,14,4,2002,0.2625,9.7315,0.216365625,297.3645697,499572.4771,0.062,1.752,0.01207016,9.63824256,16192.2475,0.421,11.218,0.55653674,395.1486654,663849.7579Feather Falls,fertilizer,14,4,2003,0.297,10.0285,0.27697626,315.7923505,530531.1488,0.0665,1.8185,0.013885865,10.38379867,17444.78177,0.329,11.547,0.33987674,418.6662763,703359.3442Feather Falls,fertilizer,14,4,2004,0.1755,10.204,0.096712785,326.9418742,549262.3487,0.072,1.8905,0.01627776,11.22232939,18853.51338,0.569,12.116,1.01660954,460.9440118,774385.9398Feather Falls,fertilizer,14,4,2005,0.1705,10.3745,0.091280585,337.9589858,567771.0961,0.0525,1.943,0.008654625,11.85428186,19915.19352,0.2275,12.3435,0.162514625,478.4166557,803739.9816Feather Falls,fertilizer,14,4,2006,0.149,10.5235,0.06971114,347.7363241,584197.0245,0.0425,1.9855,0.005671625,12.37854019,20795.94752,0.213,12.5565,0.14245866,495.0702737,831718.0598Feather Falls,fertilizer,14,4,2007,0.168,10.6915,0.08862336,358.9276609,602998.4703,0.0625,2.048,0.012265625,13.17011456,22125.79246,0.2115,12.768,0.140459265,511.8885274,859972.726Feather Falls,fertilizer,14,4,2008,0.042,10.7335,0.00553896,361.7531899,607745.359,0.0365,2.0845,0.004183265,13.64374039,22921.48386,0.204,12.972,0.13067424,528.3765418,887672.5902Feather Falls,fertilizer,14,9,1988,0,0,0,0,0,0,0,0,0,0,0,0,0,0,0Feather Falls,fertilizer,14,9,1989,0.2375,0.2375,0.177115625,0.177115625,297.55425,0.066,0.066,0.01367784,0.01367784,22.9787712,0,0,0,0,0Feather Falls,fertilizer,14,9,1990,0.503,0.7405,0.79444826,1.721788385,2892.604487,0.082,0.148,0.02111336,0.06877856,115.5479808,0.2625,0.2625,0.216365625,0.216365625,363.49425Feather Falls,fertilizer,14,9,1991,0.5995,1.34,1.128516785,5.638184,9472.14912,0.153,0.301,0.07350426,0.28448714,477.9383952,0.593,0.8555,1.10417786,2.298103985,3860.814695Feather Falls,fertilizer,14,9,1992,0.7065,2.0465,1.567306665,13.15082947,22093.39351,0.1715,0.4725,0.092354465,0.701024625,1177.72137,0.716,1.5715,1.60973984,7.754582465,13027.69854Feather Falls,fertilizer,14,9,1993,0.949,2.9955,2.82788714,28.17528359,47334.47643,0.1715,0.644,0.092354465,1.30227104,2187.815347,0.8765,2.448,2.412312065,18.81709056,31612.71214Feather Falls,fertilizer,14,9,1994,0.977,3.9725,2.99722106,49.55157463,83246.64538,0.2035,0.8475,0.130034465,2.255324625,3788.94537,1.084,3.532,3.68967584,39.17157536,65808.2466Feather Falls,fertilizer,14,9,1995,1.0685,5.041,3.584913665,79.79267834,134051.6996,0.1945,1.042,0.118786985,3.40929896,5727.622253,1.189,4.721,4.43908394,69.98382074,117572.8188Feather Falls,fertilizer,14,9,1996,1.1135,6.1545,3.893230265,118.9365126,199813.3412,0.243,1.285,0.18541386,5.1848465,8710.54212,1.2725,5.9935,5.084464625,112.7952127,189495.9573Feather Falls,fertilizer,14,9,1997,0.9525,7.107,2.848784625,158.5996699,266447.4454,0.184,1.469,0.10630784,6.77599754,11383.67587,1.3255,7.319,5.516823785,168.2027695,282580.6528Feather Falls,fertilizer,14,9,1998,0.599,7.706,1.12663514,186.460849,313254.2263,0.2245,1.6935,0.158256785,9.005338665,15128.96896,1.164,8.483,4.25437344,225.9584475,379610.1918Feather Falls,fertilizer,14,9,1999,0.6095,8.3155,1.166479385,217.1232764,364767.1044,0.1835,1.877,0.105730865,11.06262506,18585.2101,0.794,9.277,1.97956904,270.2369691,453998.1081Feather Falls,fertilizer,14,9,2000,0.6965,9.012,1.523252465,255.0186922,428431.4029,0.1715,2.0485,0.092354465,13.17654607,22136.5974,0.799,10.076,2.00457914,318.7909366,535568.7735Feather Falls,fertilizer,14,9,2001,0.558,9.57,0.97768296,287.576586,483128.6645,0.1185,2.167,0.044092665,14.74509146,24771.75365,0.927,11.003,2.69829306,380.1472683,638647.4107Feather Falls,fertilizer,14,9,2002,0.4315,10.0015,0.584643665,314.0942071,527678.2679,0.099,2.266,0.03077514,16.12313384,27086.86485,0.698,11.701,1.52982056,429.9080791,722245.5729Feather Falls,fertilizer,14,9,2003,0.4475,10.449,0.628804625,342.8302271,575954.7815,0.1295,2.3955,0.052658585,18.01863959,30271.31451,0.5155,12.2165,0.834424385,468.6226189,787285.9998Feather Falls,fertilizer,14,9,2004,0.3295,10.7785,0.340910585,364.7928355,612851.9636,0.087,2.4825,0.02376666,19.35121163,32510.03554,0.5765,12.793,1.043586065,513.8950659,863343.7107Feather Falls,fertilizer,14,9,2005,0.3515,11.13,0.387954065,388.973466,653475.4229,0.097,2.5795,0.02954426,20.89299559,35100.23259,0.4385,13.2315,0.603766265,549.7279397,923542.9387Feather Falls,fertilizer,14,9,2006,0.2785,11.4085,0.243545465,408.6831589,686587.707,0.183,2.7625,0.10515546,23.96261563,40257.19426,0.4335,13.665,0.590075865,586.3391865,985049.8333Feather Falls,fertilizer,14,9,2007,0.285,11.6935,0.2550465,429.3571387,721319.993,0.1335,2.896,0.055961865,26.33460224,44242.13176,0.432,14.097,0.58599936,623.9977843,1048316.278Feather Falls,fertilizer,14,9,2008,0.134,11.8275,0.05638184,439.2538346,737946.4421,0,2.896,0,26.33460224,44242.13176,0.454,14.551,0.64720424,664.8372271,1116926.542Feather Falls,fertilizer,14,18,1988,0,0,0,0,0,0,0,0,0,0,0,0,0,0,0Feather Falls,fertilizer,14,18,1989,0.1195,0.1195,0.044839985,0.044839985,75.3311748,0.0415,0.0415,0.005407865,0.005407865,9.0852132,0,0,0,0,0Feather Falls,fertilizer,14,18,1990,0.33,0.4495,0.341946,0.634437785,1065.855479,0.079,0.1205,0.01959674,0.045593585,76.5972228,0.138,0.138,0.05979816,0.05979816,100.4609088Feather Falls,fertilizer,14,18,1991,0.4625,0.912,0.671665625,2.61167616,4387.615949,0.146,0.2665,0.06693224,0.223009865,374.6565732,0.3905,0.5285,0.478819385,0.877040465,1473.427981Feather Falls,fertilizer,14,18,1992,0.6345,1.5465,1.264133385,7.509819465,12616.4967,0.176,0.4425,0.09726464,0.614831625,1032.91713,0.5755,1.104,1.039968785,3.82708224,6429.498163Feather Falls,fertilizer,14,18,1993,0.774,2.3205,1.88109864,16.90802159,28405.47627,0.181,0.6235,0.10286954,1.220682065,2050.745869,0.788,1.892,1.94976416,11.24014496,18883.44353Feather Falls,fertilizer,14,18,1994,0.878,3.1985,2.42057576,32.12346307,53967.41796,0.2495,0.873,0.195465785,2.39308506,4020.382901,0.942,2.834,2.78632296,25.21908584,42368.06421Feather Falls,fertilizer,14,18,1995,1.0415,4.24,3.406027865,56.449664,94835.43552,0.2625,1.1355,0.216365625,4.048591185,6801.633191,1.0905,3.9245,3.734057385,48.36133879,81247.04917Feather Falls,fertilizer,14,18,1996,1.018,5.258,3.25405736,86.81021096,145841.1544,0.2725,1.408,0.233164625,6.22493696,10457.89409,1.3015,5.226,5.318853065,85.75677864,144071.3881Feather Falls,fertilizer,14,18,1997,0.7915,6.0495,1.967122865,114.9128538,193053.5944,0.1785,1.5865,0.100047465,7.903324265,13277.58477,1.228,6.454,4.73506976,130.7939242,219733.7927Feather Falls,fertilizer,14,18,1998,0.5125,6.562,0.824740625,135.2079102,227149.2891,0.0805,1.667,0.020347985,8.72571146,14659.19525,1.102,7.556,3.81322856,179.272447,301177.711Feather Falls,fertilizer,14,18,1999,0.3,6.862,0.2826,147.8533182,248393.5746,0.094,1.761,0.02774504,9.73751994,16359.0335,0.6345,8.1905,1.264133385,210.6446714,353883.048Feather Falls,fertilizer,14,18,2000,0.2505,7.1125,0.197035785,158.8452406,266860.0042,0.1625,1.9235,0.082915625,11.61753607,19517.4606,0.375,8.5655,0.4415625,230.3748614,387029.7672Feather Falls,fertilizer,14,18,2001,0.1695,7.282,0.090212985,166.5064254,279730.7947,0.101,2.0245,0.03203114,12.86960479,21620.93605,0.348,8.9135,0.38026656,249.4745143,419117.184Feather Falls,fertilizer,14,18,2002,0.1875,7.4695,0.110390625,175.191371,294321.5033,0.1405,2.165,0.061984385,14.7178865,24726.04932,0.325,9.2385,0.3316625,267.9986303,450237.6989Feather Falls,fertilizer,14,18,2003,0.205,7.6745,0.1319585,184.9395638,310698.4672,0.201,2.366,0.12685914,17.57758184,29530.33749,0.301,9.5395,0.28448714,285.7464692,480054.0683Feather Falls,fertilizer,14,18,2004,0.213,7.8875,0.14245866,195.3477406,328184.2042,0.103,2.469,0.03331226,19.14131754,32157.41347,0.3645,9.904,0.417181185,308.0001382,517440.2322Feather Falls,fertilizer,14,18,2005,0.1945,8.082,0.118786985,205.1007934,344569.3329,0.064,2.533,0.01286144,20.14651946,33846.15269,0.3835,10.2875,0.461806865,332.3145406,558288.4282Feather Falls,fertilizer,14,18,2006,0.162,8.244,0.08240616,213.405503,358521.245,0.089,2.622,0.02487194,21.58713576,36266.38808,0.285,10.5725,0.2550465,350.9821546,589650.0197Feather Falls,fertilizer,14,18,2007,0.127,8.371,0.05064506,220.0312327,369652.4709,0.0785,2.7005,0.019349465,22.89907879,38470.45237,0.232,10.8045,0.16900736,366.5548716,615812.1843Feather Falls,fertilizer,14,18,2008,0.1585,8.5295,0.078883865,228.4424426,383783.3036,0,2.7005,0,22.89907879,38470.45237,0.208,11.0125,0.13584896,380.8039906,639750.7042Feather Falls,herbicide,12,5,1988,0.145,0.145,0.0660185,0.0660185,110.91108,0.034,0.034,0.00362984,0.00362984,6.0981312,0,0,0,0,0Feather Falls,herbicide,12,5,1989,0.2035,0.3485,0.130034465,0.381360065,640.6849092,0.0685,0.1025,0.014733665,0.032989625,55.42257,0.179,0.179,0.10060874,0.10060874,169.0226832Feather Falls,herbicide,12,5,1990,0.3255,0.674,0.332683785,1.42642664,2396.396755,0.1285,0.231,0.051848465,0.16755354,281.4899472,0.252,0.431,0.19940256,0.58328954,979.9264272Feather Falls,herbicide,12,5,1991,0.346,1.02,0.37590824,3.266856,5488.31808,0.0895,0.3205,0.025152185,0.322541585,541.8698628,0.454,0.885,0.64720424,2.4593265,4131.66852Feather Falls,herbicide,12,5,1992,0.5405,1.5605,0.917320385,7.646403185,12845.95735,0.076,0.3965,0.01813664,0.493646465,829.3260612,0.435,1.32,0.5941665,5.471136,9191.50848Feather Falls,herbicide,12,5,1993,0.2985,1.859,0.279781065,10.85146634,18230.46345,0.095,0.4915,0.0283385,0.758536865,1274.341933,0.6165,1.9365,1.193426865,11.77510127,19782.17013Feather Falls,herbicide,12,5,1994,0.553,2.412,0.96024026,18.26771616,30689.76315,0.139,0.6305,0.06066794,1.248244985,2097.051575,0.3935,2.33,0.486204665,17.046746,28638.53328Feather Falls,herbicide,12,5,1995,0.568,2.98,1.01303936,27.884456,46845.88608,0.198,0.8285,0.12310056,2.155334465,3620.961901,0.692,3.022,1.50363296,28.67599976,48175.6796Feather Falls,herbicide,12,5,1996,0.617,3.597,1.19536346,40.62660426,68252.69516,0.117,0.9455,0.04298346,2.807066585,4715.871863,0.7655,3.7875,1.840009385,45.04379063,75673.56826Feather Falls,herbicide,12,5,1997,0.7825,4.3795,1.922641625,60.22526359,101178.4428,0.1075,1.053,0.036286625,3.48166026,5849.189237,0.734,4.5215,1.69169384,64.19404147,107845.9897Feather Falls,herbicide,12,5,1998,0.433,4.8125,0.58871546,72.72289063,122174.4563,0.1055,1.1585,0.034948985,4.214263865,7079.963293,0.8895,5.411,2.484400185,91.93581194,154452.1641Feather Falls,herbicide,12,5,1999,0.2355,5.048,0.174145185,80.01443456,134424.2501,0.0625,1.221,0.012265625,4.68124074,7864.484443,0.5385,5.9495,0.910544265,111.1451678,186723.8819Feather Falls,herbicide,12,5,2000,0.119,5.167,0.04446554,83.83137146,140836.7041,0.0245,1.2455,0.001884785,4.870988585,8183.260823,0.298,6.2475,0.27884456,122.5581446,205897.6829Feather Falls,herbicide,12,5,2001,0.072,5.239,0.01627776,86.18395994,144789.0527,0.0185,1.264,0.001074665,5.01676544,8428.165939,0.143,6.3905,0.06420986,128.2328594,215431.2038Feather Falls,herbicide,12,5,2002,0.0475,5.2865,0.007084625,87.75383827,147426.4483,0.01,1.274,0.000314,5.09645864,8562.050515,0.09,6.4805,0.025434,131.870204,221541.9427Feather Falls,herbicide,12,5,2003,0.0585,5.345,0.010745865,89.7067385,150707.3207,0.023,1.297,0.00166106,5.28213626,8873.988917,0.0575,6.538,0.010381625,134.2206942,225490.7663Feather Falls,herbicide,12,5,2004,0.0455,5.3905,0.006500585,91.24051939,153284.0726,0.014,1.311,0.00061544,5.39678394,9066.597019,0.081,6.619,0.02060154,137.5670455,231112.6364Feather Falls,herbicide,12,5,2005,0.0735,5.464,0.016963065,93.74562944,157492.6575,0.0205,1.3315,0.001319585,5.566881665,9352.361197,0.0595,6.6785,0.011116385,140.0514175,235286.3814Feather Falls,herbicide,12,5,2006,0.0315,5.4955,0.003115665,94.82963359,159313.7844,0.027,1.3585,0.00228906,5.794939865,9735.498973,0.094,6.7725,0.02774504,144.0216146,241956.3125Feather Falls,herbicide,12,5,2007,0.077,5.5725,0.01861706,97.50565463,163809.4998,0.0235,1.382,0.001734065,5.99716136,10075.23108,0.058,6.8305,0.01056296,146.498993,246118.3082Feather Falls,herbicide,12,5,2008,0.0525,5.625,0.008654625,99.3515625,166910.625,0,1.382,0,5.99716136,10075.23108,0.1005,6.931,0.031714785,150.8417095,253414.072Feather Falls,herbicide,12,11,1988,0.2315,0.2315,0.168279665,0.168279665,282.7098372,0.075,0.075,0.0176625,0.0176625,29.673,0,0,0,0,0Feather Falls,herbicide,12,11,1989,0.2625,0.494,0.216365625,0.76627304,1287.338707,0.137,0.212,0.05893466,0.14112416,237.0885888,0.278,0.278,0.24267176,0.24267176,407.6885568Feather Falls,herbicide,12,11,1990,0.53,1.024,0.882026,3.29252864,5531.448115,0.109,0.321,0.03730634,0.32354874,543.5618832,0.3405,0.6185,0.364052385,1.201182665,2017.986877Feather Falls,herbicide,12,11,1991,0.6705,1.6945,1.411650585,9.015976985,15146.84133,0.1655,0.4865,0.086005385,0.743182265,1248.546205,0.6725,1.291,1.420084625,5.23337834,8792.075611Feather Falls,herbicide,12,11,1992,0.9895,2.684,3.074406185,22.62010784,38001.78117,0.2375,0.724,0.177115625,1.64591264,2765.133235,0.774,2.065,1.88109864,13.3896665,22494.63972Feather Falls,herbicide,12,11,1993,1.088,3.772,3.71695616,44.67586976,75055.4612,0.2285,0.9525,0.163946465,2.848784625,4785.95817,1.2125,3.2775,4.616290625,33.72989963,56666.23138Feather Falls,herbicide,12,11,1994,0.9575,4.7295,2.878771625,70.23605459,117996.5717,0.1995,1.152,0.124972785,4.16710656,7000.739021,1.2965,4.574,5.278064465,65.69343464,110364.9702Feather Falls,herbicide,12,11,1995,1.166,5.8955,4.26900584,109.1367296,183349.7057,0.231,1.383,0.16755354,6.00584346,10089.81701,1.19,5.764,4.446554,104.3224054,175261.6411Feather Falls,herbicide,12,11,1996,1.0025,6.898,3.155719625,149.4087486,251006.6976,0.2705,1.6535,0.229754585,8.584955465,14422.72518,1.393,7.157,6.09300986,160.8391179,270209.7181Feather Falls,herbicide,12,11,1997,0.8095,7.7075,2.057611385,186.5334466,313376.1903,0.2425,1.896,0.184651625,11.28772224,18963.37336,1.256,8.413,4.95346304,222.2447067,373371.1073Feather Falls,herbicide,12,11,1998,0.667,8.3745,1.39695146,220.2152658,369961.6465,0.1185,2.0145,0.044092665,12.74278019,21407.87072,1.066,9.479,3.56815784,282.1335247,473984.3215Feather Falls,herbicide,12,11,1999,0.575,8.9495,1.0381625,251.4937478,422509.4963,0.147,2.1615,0.06785226,14.67033827,24646.16829,0.857,10.336,2.30616986,335.4552934,563564.8929Feather Falls,herbicide,12,11,2000,0.4365,9.386,0.598271265,276.6245674,464729.2732,0.108,2.2695,0.03662496,16.17297899,27170.6047,0.711,11.047,1.58733594,383.1936963,643765.4098Feather Falls,herbicide,12,11,2001,0.4095,9.7955,0.526547385,301.2887156,506165.0422,0.0705,2.34,0.015606585,17.193384,28884.88512,0.562,11.609,0.99175016,423.1742863,710932.801Feather Falls,herbicide,12,11,2002,0.3655,10.161,0.419473385,324.1921919,544642.8824,0.07,2.41,0.015386,18.237434,30638.88912,0.496,12.105,0.77249024,460.1074185,772980.4631Feather Falls,herbicide,12,11,2003,0.3775,10.5385,0.447469625,348.7283443,585863.6184,0.15,2.56,0.07065,20.578304,34571.55072,0.428,12.533,0.57519776,493.2189195,828607.7848Feather Falls,herbicide,12,11,2004,0.465,11.0035,0.6789465,380.1818185,638705.4551,0.112,2.672,0.03938816,22.41829376,37662.73352,0.486,13.019,0.74165544,532.2122935,894116.6531Feather Falls,herbicide,12,11,2005,0.501,11.5045,0.78814314,415.5900536,698191.29,0.071,2.743,0.01582874,23.62551386,39690.86328,0.6195,13.6385,1.205069985,584.0672623,981233.0007Feather Falls,herbicide,12,11,2006,0.41,11.9145,0.527834,445.7396742,748842.6527,0.1,2.843,0.0314,25.37951786,42637.59,0.5835,14.222,1.069082865,635.1129918,1066989.826Feather Falls,herbicide,12,11,2007,0.4315,12.346,0.584643665,478.6104682,804065.5866,0.0785,2.9215,0.019349465,26.80040947,45024.68791,0.493,14.715,0.76317386,679.9080465,1142245.518Feather Falls,herbicide,12,11,2008,0.222,12.568,0.15475176,495.9775194,833242.2326,0,2.9215,0,26.80040947,45024.68791,0.513,15.228,0.82635066,728.1408298,1223276.594Feather Falls,herbicide,12,15,1988,0.085,0.085,0.0226865,0.0226865,38.11332,0.0615,0.0615,0.011876265,0.011876265,19.9521252,0,0,0,0,0Feather Falls,herbicide,12,15,1989,0.1645,0.2495,0.084969185,0.195465785,328.3825188,0.148,0.2095,0.06877856,0.137815385,231.5298468,0.146,0.146,0.06693224,0.06693224,112.4461632Feather Falls,herbicide,12,15,1990,0.2475,0.497,0.192344625,0.77560826,1303.021877,0.106,0.3155,0.03528104,0.312556385,525.0947268,0.312,0.458,0.30566016,0.65865896,1106.547053Feather Falls,herbicide,12,15,1991,0.5095,1.0065,0.815113385,3.180952665,5344.000477,0.122,0.4375,0.04673576,0.601015625,1009.70625,0.353,0.811,0.39127226,2.06524394,3469.609819Feather Falls,herbicide,12,15,1992,0.769,1.7755,1.85687354,9.898536785,16629.5418,0.233,0.6705,0.17046746,1.411650585,2371.572983,0.631,1.442,1.25022554,6.52920296,10969.06097Feather Falls,herbicide,12,15,1993,0.8715,2.647,2.384868465,22.00075226,36961.2638,0.1405,0.811,0.061984385,2.06524394,3469.609819,1.002,2.444,3.15257256,18.75564704,31509.48703Feather Falls,herbicide,12,15,1994,0.8025,3.4495,2.022179625,37.36301779,62769.86989,0.1285,0.9395,0.051848465,2.771553185,4656.209351,1.012,3.456,3.21581216,37.50395904,63006.65119Feather Falls,herbicide,12,15,1995,0.633,4.0825,1.25816346,52.33377163,87920.73634,0.1455,1.085,0.066474585,3.6964865,6210.09732,0.931,4.387,2.72162954,60.43171466,101525.2806Feather Falls,herbicide,12,15,1996,0.556,4.6385,0.97068704,67.55924227,113499.527,0.1545,1.2395,0.074952585,4.824171185,8104.607591,0.7775,5.1645,1.898149625,83.75026919,140700.4522Feather Falls,herbicide,12,15,1997,0.5225,5.161,0.857239625,83.63679194,140509.8105,0.1465,1.386,0.067391465,6.03192744,10133.6381,0.71,5.8745,1.582874,108.3606158,182045.8345Feather Falls,herbicide,12,15,1998,0.3775,5.5385,0.447469625,96.31944427,161816.6664,0.132,1.518,0.05471136,7.23557736,12155.76996,0.669,6.5435,1.40534154,134.4466117,225870.3077Feather Falls,herbicide,12,15,1999,0.25,5.7885,0.19625,105.2111393,176754.714,0.132,1.65,0.05471136,8.54865,14361.732,0.5095,7.053,0.815113385,156.1987003,262413.8165Feather Falls,herbicide,12,15,2000,0.334,6.1225,0.35028584,117.7029196,197740.9049,0.108,1.758,0.03662496,9.70437096,16303.34321,0.3815,7.4345,0.457002665,173.5534214,291569.748Feather Falls,herbicide,12,15,2001,0.138,6.2605,0.05979816,123.0687212,206755.4516,0.0615,1.8195,0.011876265,10.39522199,17463.97294,0.4415,7.876,0.612055865,194.7785206,327227.9146Feather Falls,herbicide,12,15,2002,0.11,6.3705,0.037994,127.4314686,214084.8672,0.054,1.8735,0.00915624,11.02140707,18515.96388,0.1995,8.0755,0.124972785,204.7710188,344015.3116Feather Falls,herbicide,12,15,2003,0.082,6.4525,0.02111336,130.7331346,219631.6661,0.0605,1.934,0.011493185,11.74471784,19731.12597,0.164,8.2395,0.08445344,213.1725912,358129.9532Feather Falls,herbicide,12,15,2004,0.1395,6.592,0.061105185,136.447017,229230.9886,0.077,2.011,0.01861706,12.69853994,21333.5471,0.1415,8.381,0.062869865,220.5572455,370536.1724Feather Falls,herbicide,12,15,2005,0.165,6.757,0.0854865,143.3631339,240850.065,0.067,2.078,0.01409546,13.55878376,22778.75672,0.216,8.597,0.14649984,232.0724043,389881.6392Feather Falls,herbicide,12,15,2006,0.207,6.964,0.13454586,152.2815094,255832.9358,0.112,2.19,0.03938816,15.059754,25300.38672,0.232,8.829,0.16900736,244.7668967,411208.3865Feather Falls,herbicide,12,15,2007,0.22,7.184,0.151976,162.0549478,272252.3123,0.186,2.376,0.10863144,17.72648064,29780.48748,0.318,9.147,0.31752936,262.7162923,441363.3711Feather Falls,herbicide,12,15,2008,0.1755,7.3595,0.096712785,170.0694344,285716.6498,0.079,2.455,0.01959674,18.9248585,31793.76228,0.406,9.553,0.51758504,286.5558003,481413.7445Feather Falls,herbicide,15,8,1988,0.0355,0.0355,0.003957185,0.003957185,6.6480708,0.008,0.008,0.00020096,0.00020096,0.3376128,0,0,0,0,0Feather Falls,herbicide,15,8,1989,0.1385,0.174,0.060232265,0.09506664,159.7119552,0.0225,0.0305,0.001589625,0.002920985,4.9072548,0.043,0.043,0.00580586,0.00580586,9.7538448Feather Falls,herbicide,15,8,1990,0.273,0.447,0.23402106,0.62740026,1054.032437,0.036,0.0665,0.00406944,0.013885865,23.3282532,0.161,0.204,0.08139194,0.13067424,219.5327232Feather Falls,herbicide,15,8,1991,0.4035,0.8505,0.511230465,2.271319785,3815.817239,0.0965,0.163,0.029240465,0.08342666,140.1567888,0.309,0.513,0.29981034,0.82635066,1388.269109Feather Falls,herbicide,15,8,1992,0.593,1.4435,1.10417786,6.542793665,10991.89336,0.1955,0.3585,0.120011585,0.403559865,677.9805732,0.5,1.013,0.785,3.22217066,5413.246709Feather Falls,herbicide,15,8,1993,0.716,2.1595,1.60973984,14.64320239,24600.58002,0.1495,0.508,0.070179785,0.81032096,1361.339213,0.788,1.801,1.94976416,10.18490714,17110.644Feather Falls,herbicide,15,8,1994,0.7485,2.908,1.759192065,26.55329696,44609.53889,0.1565,0.6645,0.076905665,1.386499185,2329.318631,0.8655,2.6665,2.352143385,22.32609787,37507.84442Feather Falls,herbicide,15,8,1995,0.6575,3.5655,1.357441625,39.91816139,67062.51114,0.2045,0.869,0.131315585,2.37120554,3983.625307,0.905,3.5715,2.5717385,40.05262247,67288.40575Feather Falls,herbicide,15,8,1996,0.628,4.1935,1.23836576,55.21828867,92766.72497,0.265,1.134,0.2205065,4.03790184,6783.675091,0.862,4.4335,2.33315816,61.71959587,103688.9211Feather Falls,herbicide,15,8,1997,0.588,4.7815,1.08563616,71.78901067,120605.5379,0.1875,1.3215,0.110390625,5.483577465,9212.410141,0.8925,5.326,2.501186625,89.07010664,149637.7792Feather Falls,herbicide,15,8,1998,0.3505,5.132,0.385749785,82.69951136,138935.1791,0.231,1.5525,0.16755354,7.568204625,12714.58377,0.775,6.101,1.8859625,116.8777111,196354.5546Feather Falls,herbicide,15,8,1999,0.287,5.419,0.25863866,92.20786154,154909.2074,0.1365,1.689,0.058505265,8.95754394,15048.67382,0.581,6.682,1.05994154,140.1982494,235533.059Feather Falls,herbicide,15,8,2000,0.2555,5.6745,0.204979985,101.1078438,169861.1776,0.1145,1.8035,0.041166185,10.21320247,17158.18015,0.4235,7.1055,0.563166065,158.532729,266334.9847Feather Falls,herbicide,15,8,2001,0.2175,5.892,0.148541625,109.007185,183132.0708,0.085,1.8885,0.0226865,11.19859727,18813.64341,0.37,7.4755,0.429866,175.4729348,294794.5305Feather Falls,herbicide,15,8,2002,0.172,6.064,0.09289376,115.4643814,193980.1608,0.091,1.9795,0.02600234,12.30383959,20670.45051,0.302,7.7775,0.28638056,189.9370496,319094.2433Feather Falls,herbicide,15,8,2003,0.19,6.254,0.113354,122.8133002,206326.3443,0.073,2.0525,0.01673306,13.22805463,22223.13178,0.263,8.0405,0.21719066,202.9998704,341039.7823Feather Falls,herbicide,15,8,2004,0.1655,6.4195,0.086005385,129.399338,217390.8878,0.073,2.1255,0.01673306,14.18573579,23832.03613,0.263,8.3035,0.21719066,216.4970725,363715.0818Feather Falls,herbicide,15,8,2005,0.213,6.6325,0.14245866,138.1287766,232056.3447,0.0565,2.182,0.010023665,14.94992936,25115.88132,0.2385,8.542,0.178610265,229.112499,384908.9983Feather Falls,herbicide,15,8,2006,0.192,6.8245,0.11575296,146.2417328,245686.1111,0.0745,2.2565,0.017427785,15.98822767,26860.22249,0.269,8.811,0.22721354,243.7698839,409533.405Feather Falls,herbicide,15,8,2007,0.173,6.9975,0.09397706,153.7501196,258300.2009,0.081,2.3375,0.02060154,17.15666563,28823.19826,0.2665,9.0775,0.223009865,258.7391596,434681.7881Feather Falls,herbicide,15,8,2008,0.114,7.1115,0.04080744,158.8005773,266784.9699,0.041,2.3785,0.00527834,17.76380347,29843.18983,0.254,9.3315,0.20258024,273.4214417,459348.0221Feather Falls,herbicide,15,11,1988,0,0,0,0,0,0,0,0,0,0,0,0,0,0,0Feather Falls,herbicide,15,11,1989,0.081,0.081,0.02060154,0.02060154,34.6105872,0.0795,0.0795,0.019845585,0.019845585,33.3405828,0,0,0,0,0Feather Falls,herbicide,15,11,1990,0.105,0.186,0.0346185,0.10863144,182.5008192,0.1,0.1795,0.0314,0.101171585,169.9682628,0.1595,0.1595,0.079882385,0.079882385,134.2024068Feather Falls,herbicide,15,11,1991,0.387,0.573,0.47027466,1.03095306,1732.001141,0.126,0.3055,0.04985064,0.293056985,492.3357348,0.2045,0.364,0.131315585,0.41603744,698.9428992Feather Falls,herbicide,15,11,1992,0.5695,1.1425,1.018396985,4.098661625,6885.75153,0.183,0.4885,0.10515546,0.749305265,1258.832845,0.5125,0.8765,0.824740625,2.412312065,4052.684269Feather Falls,herbicide,15,11,1993,0.92,2.0625,2.657696,13.35726563,22440.20626,0.222,0.7105,0.15475176,1.585104185,2662.975031,0.7525,1.629,1.778044625,8.33243274,13998.487Feather Falls,herbicide,15,11,1994,0.746,2.8085,1.74746024,24.76729087,41609.04866,0.2245,0.935,0.158256785,2.7450665,4611.71172,1.1415,2.7705,4.091489865,24.10160459,40490.69571Feather Falls,herbicide,15,11,1995,0.777,3.5855,1.89570906,40.36724419,67816.97024,0.3135,1.2485,0.308606265,4.894482065,8222.729869,0.9705,3.741,2.957472585,43.94455434,73826.85129Feather Falls,herbicide,15,11,1996,0.9315,4.517,2.724553665,64.06632746,107631.4301,0.3035,1.552,0.289232465,7.56333056,12706.39534,1.0905,4.8315,3.734057385,73.29825167,123141.0628Feather Falls,herbicide,15,11,1997,0.721,5.238,1.63230074,86.15106216,144733.7844,0.2445,1.7965,0.187709985,10.13407447,17025.24511,1.235,6.0665,4.7892065,115.5596059,194140.1379Feather Falls,herbicide,15,11,1998,0.607,5.845,1.15692986,107.2750385,180222.0647,0.241,2.0375,0.18237434,13.03541563,21899.49826,0.9655,7.032,2.927077385,155.2699354,260853.4915Feather Falls,herbicide,15,11,1999,0.4485,6.2935,0.631618065,124.3695667,208940.8721,0.1815,2.219,0.103438665,15.46123754,25974.87907,0.8475,7.8795,2.255324625,194.9516736,327518.8116Feather Falls,herbicide,15,11,2000,0.417,6.7105,0.54601146,141.3967442,237546.5303,0.1845,2.4035,0.106886385,18.13919047,30473.83999,0.6295,8.509,1.244288585,227.3456743,381940.7328Feather Falls,herbicide,15,11,2001,0.362,7.0725,0.41147816,157.0636046,263866.8557,0.1425,2.546,0.063761625,20.35384424,34194.45832,0.601,9.11,1.13417114,260.595194,437799.9259Feather Falls,herbicide,15,11,2002,0.313,7.3855,0.30762266,171.2732162,287739.0032,0.1285,2.6745,0.051848465,22.46026379,37733.24317,0.5045,9.6145,0.799193585,290.2572362,487632.1568Feather Falls,herbicide,15,11,2003,0.2795,7.665,0.245297585,184.4819865,309929.7373,0.075,2.7495,0.0176625,23.73761579,39879.19453,0.4415,10.056,0.612055865,317.526647,533444.767Feather Falls,herbicide,15,11,2004,0.283,7.948,0.25147946,198.3560106,333238.0978,0.155,2.9045,0.0754385,26.48941759,44502.22155,0.3545,10.4105,0.394604585,340.3085222,571718.3173Feather Falls,herbicide,15,11,2005,0.334,8.282,0.35028584,215.3773854,361834.0075,0.1105,3.015,0.038340185,28.5433065,47952.75492,0.438,10.8485,0.60239016,369.5464501,620838.0362Feather Falls,herbicide,15,11,2006,0.3565,8.6385,0.399069665,234.3183623,393654.8487,0.1115,3.1265,0.039037265,30.69350707,51565.09188,0.4445,11.293,0.620401985,400.4500059,672756.0099Feather Falls,herbicide,15,11,2007,0.3345,8.973,0.351335385,252.8162491,424731.2985,0.192,3.3185,0.11575296,34.57906867,58092.83537,0.468,11.761,0.68773536,434.3283199,729671.5774Feather Falls,herbicide,15,11,2008,0.304,9.277,0.29018624,270.2369691,453998.1081,0.114,3.4325,0.04080744,36.99565663,62152.70314,0.5265,12.2875,0.870415065,474.0855406,796463.7082Feather Falls,herbicide,15,15,1988,0,0,0,0,0,0,0,0,0,0,0,0,0,0,0Feather Falls,herbicide,15,15,1989,0.077,0.077,0.01861706,0.01861706,31.2766608,0.011,0.011,0.00037994,0.00037994,0.6382992,0,0,0,0,0Feather Falls,herbicide,15,15,1990,0.304,0.381,0.29018624,0.45580554,765.7533072,0.055,0.066,0.0094985,0.01367784,22.9787712,0.088,0.088,0.02431616,0.02431616,40.8511488Feather Falls,herbicide,15,15,1991,0.349,0.73,0.38245514,1.673306,2811.15408,0.08,0.146,0.020096,0.06693224,112.4461632,0.3585,0.4465,0.403559865,0.625997465,1051.675741Feather Falls,herbicide,15,15,1992,0.3815,1.1115,0.457002665,3.879257265,6517.152205,0.2275,0.3735,0.162514625,0.438037065,735.9022692,0.429,0.8755,0.57788874,2.406810785,4043.442119Feather Falls,herbicide,15,15,1993,0.6605,1.772,1.369857185,9.85954976,16564.0436,0.328,0.7015,0.33781376,1.545201065,2595.937789,0.608,1.4835,1.16074496,6.910424865,11609.51377Feather Falls,herbicide,15,15,1994,0.699,2.471,1.53420714,19.17234074,32209.53244,0.172,0.8735,0.09289376,2.395827065,4024.989469,0.988,2.4715,3.06509216,19.18010047,32222.56879Feather Falls,herbicide,15,15,1995,0.731,3.202,1.67789354,32.19380456,54085.59166,0.22,1.0935,0.151976,3.754630665,6307.779517,0.8705,3.342,2.379398585,35.07054696,58918.51889Feather Falls,herbicide,15,15,1996,0.789,3.991,1.95471594,50.01417434,84023.81289,0.2815,1.375,0.248820665,5.9365625,9973.425,0.95,4.292,2.83385,57.84276896,97175.85185Feather Falls,herbicide,15,15,1997,0.7985,4.7895,2.002071065,72.02943419,121009.4494,0.206,1.581,0.13324904,7.84862154,13185.68419,1.07,5.362,3.594986,90.27827816,151667.5073Feather Falls,herbicide,15,15,1998,0.445,5.2345,0.6217985,86.03596939,144540.4286,0.172,1.753,0.09289376,9.64924826,16210.73708,1.004,6.366,3.16517024,127.2515018,213782.523Feather Falls,herbicide,15,15,1999,0.2275,5.462,0.162514625,93.67701416,157377.3838,0.1475,1.9005,0.068314625,11.34136679,19053.49621,0.617,6.983,1.19536346,153.1135875,257230.827Feather Falls,herbicide,15,15,2000,0.2485,5.7105,0.193902065,102.3948042,172023.2711,0.223,2.1235,0.15614906,14.15905207,23787.20748,0.3745,7.3575,0.440385785,169.9770116,285561.3795Feather Falls,herbicide,15,15,2001,0.123,5.8335,0.04750506,106.8533279,179513.5909,0.0495,2.173,0.007693785,14.82685706,24909.11986,0.471,7.8285,0.69658074,192.4361945,323292.8068Feather Falls,herbicide,15,15,2002,0.062,5.8955,0.01207016,109.1367296,183349.7057,0.047,2.22,0.00693626,15.475176,25998.29568,0.1725,8.001,0.093434625,201.0102431,337697.2084Feather Falls,herbicide,15,15,2003,0.074,5.9695,0.01719464,111.893681,187981.3841,0.037,2.257,0.00429866,15.99531386,26872.12728,0.109,8.11,0.03730634,206.524394,346960.9819Feather Falls,herbicide,15,15,2004,0.072,6.0415,0.01627776,114.6091279,192543.3349,0.0465,2.3035,0.006789465,16.66119247,27990.80335,0.1105,8.2205,0.038340185,212.1905876,356480.1872Feather Falls,herbicide,15,15,2005,0.0785,6.12,0.019349465,117.606816,197579.4509,0.0335,2.337,0.003523865,17.14932666,28810.86879,0.1185,8.339,0.044092665,218.3522119,366831.716Feather Falls,herbicide,15,15,2006,0.0845,6.2045,0.022420385,120.8768756,203073.151,0.042,2.379,0.00553896,17.77127274,29855.7382,0.1115,8.4505,0.039037265,224.2303838,376707.0448Feather Falls,herbicide,15,15,2007,0.0755,6.28,0.017898785,123.836576,208045.4477,0.036,2.415,0.00406944,18.3131865,30766.15332,0.1265,8.577,0.050247065,230.9938771,388069.7135Feather Falls,herbicide,15,15,2008,0.095,6.375,0.0283385,127.6115625,214387.425,0.043,2.458,0.00580586,18.97113896,31871.51345,0.1115,8.6885,0.039037265,237.0387013,398225.0182Feather Falls,herbicide,17,10,1988,0.035,0.035,0.0038465,0.0038465,6.46212,0.0105,0.0105,0.000346185,0.000346185,0.5815908,0,0,0,0,0Feather Falls,herbicide,17,10,1989,0.1705,0.2055,0.091280585,0.132602985,222.7730148,0.0475,0.058,0.007084625,0.01056296,17.7457728,0.0455,0.0455,0.006500585,0.006500585,10.9209828Feather Falls,herbicide,17,10,1990,0.544,0.7495,0.92923904,1.763895785,2963.344919,0.138,0.196,0.05979816,0.12062624,202.6520832,0.218,0.2635,0.14922536,0.218017265,366.2690052Feather Falls,herbicide,17,10,1991,0.8545,1.604,2.292734585,8.07864224,13572.11896,0.2365,0.4325,0.175627265,0.587356625,986.75913,0.682,0.9455,1.46048936,2.807066585,4715.871863Feather Falls,herbicide,17,10,1992,0.991,2.595,3.08373434,21.1448385,35523.32868,0.3045,0.737,0.291141585,1.70555066,2865.325109,1.091,2.0365,3.73748234,13.02262327,21878.00709Feather Falls,herbicide,17,10,1993,1.1795,3.7745,4.368431585,44.73510979,75154.98445,0.259,0.996,0.21063434,3.11493024,5233.082803,1.2955,3.332,5.269925585,34.86098336,58566.45204Feather Falls,herbicide,17,10,1994,1.1435,4.918,4.105839665,75.94631336,127589.8064,0.243,1.239,0.18541386,4.82027994,8098.070299,1.438,4.77,6.49303016,71.444106,120026.0981Feather Falls,herbicide,17,10,1995,1.009,5.927,3.19677434,110.3060931,185314.2364,0.2625,1.5015,0.216365625,7.079137065,11892.95027,1.386,6.156,6.03192744,118.994495,199910.7516Feather Falls,herbicide,17,10,1996,1.0135,6.9405,3.225352265,151.2554964,254109.234,0.2395,1.741,0.180111185,9.51759434,15989.55849,1.2715,7.4275,5.076476465,173.2267546,291020.9477Feather Falls,herbicide,17,10,1997,0.6765,7.617,1.437028065,182.1786835,306060.1883,0.2175,1.9585,0.148541625,12.04416787,20234.20202,1.2525,8.68,4.925894625,236.575136,397446.2285Feather Falls,herbicide,17,10,1998,0.511,8.128,0.81991994,207.4421658,348502.8385,0.156,2.1145,0.07641504,14.03928619,23586.0008,0.8935,9.5735,2.506794665,287.7869731,483482.1148Feather Falls,herbicide,17,10,1999,0.286,8.414,0.25683944,222.2975434,373459.8729,0.0955,2.21,0.028637585,15.336074,25764.60432,0.667,10.2405,1.39695146,329.2850184,553198.8309Feather Falls,herbicide,17,10,2000,0.314,8.728,0.30959144,239.1988698,401854.1013,0.118,2.328,0.04372136,17.01749376,28589.38952,0.3815,10.622,0.457002665,354.2764158,595184.3785Feather Falls,herbicide,17,10,2001,0.272,9,0.23230976,254.34,427291.2,0.099,2.427,0.03077514,18.49563306,31072.66354,0.432,11.054,0.58599936,383.6794762,644581.52Feather Falls,herbicide,17,10,2002,0.2085,9.2085,0.136502865,266.2609229,447318.3505,0.09,2.517,0.025434,19.89280746,33419.91653,0.3705,11.4245,0.431028585,409.8302888,688514.8852Feather Falls,herbicide,17,10,2003,0.201,9.4095,0.12685914,278.0114874,467059.2988,0.107,2.624,0.03594986,21.62008064,36321.73548,0.298,11.7225,0.27884456,431.4893996,724902.1913Feather Falls,herbicide,17,10,2004,0.273,9.6825,0.23402106,294.3775316,494554.2531,0.144,2.768,0.06511104,24.05812736,40417.65396,0.308,12.0305,0.29787296,454.461401,763495.1537Feather Falls,herbicide,17,10,2005,0.2645,9.947,0.219675185,310.6804203,521943.1061,0.096,2.864,0.02893824,25.75583744,43269.8069,0.417,12.4475,0.54601146,486.5124046,817340.8397Feather Falls,herbicide,17,10,2006,0.222,10.169,0.15475176,324.7028815,545500.8409,0.1665,3.0305,0.087047865,28.83754099,48447.06886,0.36,12.8075,0.406944,515.0606566,865301.9031Feather Falls,herbicide,17,10,2007,0.262,10.431,0.21554216,341.6500895,573972.1504,0.178,3.2085,0.09948776,32.32464287,54305.40002,0.388,13.1955,0.47270816,546.7406316,918524.2611Feather Falls,herbicide,17,10,2008,0.151,10.582,0.07159514,351.6131934,590710.1649,0.09,3.2985,0.025434,34.16352107,57394.7154,0.4395,13.635,0.606523185,583.7675265,980729.4445Feather Falls,herbicide,17,17,1988,0.0625,0.0625,0.012265625,0.012265625,20.60625,0.0115,0.0115,0.000415265,0.000415265,0.6976452,0,0,0,0,0Feather Falls,herbicide,17,17,1989,0.257,0.3195,0.20739386,0.320531985,538.4937348,0.0555,0.067,0.009671985,0.01409546,23.6803728,0.074,0.074,0.01719464,0.01719464,28.8869952Feather Falls,herbicide,17,17,1990,0.566,0.8855,1.00591784,2.462106185,4136.338391,0.0835,0.1505,0.021892865,0.071121785,119.4845988,0.312,0.386,0.30566016,0.46784744,785.9836992Feather Falls,herbicide,17,17,1991,0.9075,1.793,2.585966625,10.09462586,16958.97144,0.114,0.2645,0.04080744,0.219675185,369.0543108,0.6495,1.0355,1.324609785,3.366897185,5656.387271Feather Falls,herbicide,17,17,1992,0.8995,2.6925,2.540574785,22.76360663,38242.85914,0.1495,0.414,0.070179785,0.53818344,904.1481792,1.0215,2.057,3.276471465,13.28612186,22320.68472Feather Falls,herbicide,17,17,1993,0.897,3.5895,2.52647226,40.45736219,67968.36848,0.2005,0.6145,0.126228785,1.185696185,1991.969591,1.049,3.106,3.45525914,30.29232104,50891.09935Feather Falls,herbicide,17,17,1994,0.7845,4.374,1.932482385,60.07409064,100924.4723,0.156,0.7705,0.07641504,1.864124585,3131.729303,1.097,4.203,3.77870426,55.46875626,93187.51052Feather Falls,herbicide,17,17,1995,0.828,5.202,2.15273376,84.97092456,142751.1533,0.2055,0.976,0.132602985,2.99108864,5025.028915,0.94,5.143,2.774504,83.05440986,139531.4086Feather Falls,herbicide,17,17,1996,0.816,6.018,2.09078784,113.7192574,191048.3524,0.139,1.115,0.06066794,3.9037265,6558.26052,1.0335,6.1765,3.353903865,119.7883381,201244.408Feather Falls,herbicide,17,17,1997,0.636,6.654,1.27011744,139.0257482,233563.257,0.181,1.296,0.10286954,5.27399424,8860.310323,0.9545,7.131,2.860760585,159.6726455,268250.0444Feather Falls,herbicide,17,17,1998,0.4775,7.1315,0.715939625,159.6950377,268287.6633,0.125,1.421,0.0490625,6.34041674,10651.90012,0.817,7.948,2.09591546,198.3560106,333238.0978Feather Falls,herbicide,17,17,1999,0.3485,7.48,0.381360065,175.684256,295149.5501,0.0645,1.4855,0.013063185,6.929070185,11640.83791,0.6015,8.5495,1.136059065,229.5150038,385585.2064Feather Falls,herbicide,17,17,2000,0.2555,7.7355,0.204979985,187.8911952,315657.2079,0.0635,1.549,0.012661265,7.53411914,12657.32016,0.413,8.9625,0.53558666,252.2249156,423737.8582Feather Falls,herbicide,17,17,2001,0.167,7.9025,0.08757146,196.0914496,329433.6353,0.068,1.617,0.01451936,8.21012346,13793.00741,0.3185,9.281,0.318528665,270.4700575,454389.6966Feather Falls,herbicide,17,17,2002,0.1145,8.017,0.041166185,201.8149875,339049.179,0.0455,1.6625,0.006500585,8.678665625,14580.15825,0.2345,9.5155,0.172669385,284.3104844,477641.6138Feather Falls,herbicide,17,17,2003,0.1645,8.1815,0.084969185,210.1819987,353105.7578,0.059,1.7215,0.01093034,9.305585465,15633.38358,0.16,9.6755,0.080384,293.9520428,493839.4319Feather Falls,herbicide,17,17,2004,0.1665,8.348,0.087047865,218.8237866,367623.9615,0.0625,1.784,0.012265625,9.99353984,16789.14693,0.2235,9.899,0.156850065,307.6892311,516917.9082Feather Falls,herbicide,17,17,2005,0.178,8.526,0.09948776,228.2550026,383468.4044,0.053,1.837,0.00882026,10.59614666,17801.52639,0.229,10.128,0.16466474,322.0898458,541110.9409Feather Falls,herbicide,17,17,2006,0.166,8.692,0.08652584,237.229713,398545.9178,0.0575,1.8945,0.010381625,11.26986899,18933.3799,0.2305,10.3585,0.166828985,336.9173599,566021.1646Feather Falls,herbicide,17,17,2007,0.1625,8.8545,0.082915625,246.1828146,413587.1285,0.0575,1.952,0.010381625,11.96435456,20100.11566,0.223,10.5815,0.15614906,351.5799667,590654.3441Feather Falls,herbicide,17,17,2008,0.0965,8.951,0.029240465,251.5780591,422651.1393,0.0115,1.9635,0.000415265,12.10574327,20337.64869,0.2195,10.801,0.151285985,366.3174271,615413.2775Feather Falls,herbicide,17,19,1988,0.083,0.083,0.02163146,0.02163146,36.3408528,0.013,0.013,0.00053066,0.00053066,0.8915088,0,0,0,0,0Feather Falls,herbicide,17,19,1989,0.234,0.317,0.17193384,0.31553546,530.0995728,0.0665,0.0795,0.013885865,0.019845585,33.3405828,0.096,0.096,0.02893824,0.02893824,48.6162432Feather Falls,herbicide,17,19,1990,0.212,0.529,0.14112416,0.87870074,1476.217243,0.108,0.1875,0.03662496,0.110390625,185.45625,0.3,0.396,0.2826,0.49240224,827.2357632Feather Falls,herbicide,17,19,1991,0.526,1.055,0.86876264,3.4948985,5871.42948,0.1045,0.292,0.034289585,0.26772896,449.7846528,0.32,0.716,0.321536,1.60973984,2704.362931Feather Falls,herbicide,17,19,1992,0.5085,1.5635,0.811916865,7.675831265,12895.39653,0.1615,0.4535,0.081898265,0.645779465,1084.909501,0.63,1.346,1.246266,5.68878824,9557.164243Feather Falls,herbicide,17,19,1993,0.5845,2.148,1.072750385,14.48765856,24339.26638,0.0875,0.541,0.024040625,0.91901834,1543.950811,0.67,2.016,1.409546,12.76176384,21439.76325Feather Falls,herbicide,17,19,1994,0.6215,2.7695,1.212863465,24.08420899,40461.4711,0.123,0.664,0.04750506,1.38441344,2325.814579,0.6715,2.6875,1.415864465,22.67914063,38100.95626Feather Falls,herbicide,17,19,1995,0.619,3.3885,1.20312554,36.05326727,60569.48901,0.0835,0.7475,0.021892865,1.754494625,2947.55097,0.7445,3.432,1.740439985,36.98487936,62134.59732Feather Falls,herbicide,17,19,1996,0.7025,4.091,1.549609625,52.55192234,88287.22953,0.0675,0.815,0.014306625,2.0856665,3503.91972,0.7025,4.1345,1.549609625,53.67544339,90174.7449Feather Falls,herbicide,17,19,1997,0.435,4.526,0.5941665,64.32188264,108060.7628,0.0675,0.8825,0.014306625,2.445451625,4108.35873,0.7695,4.904,1.859288985,75.51453824,126864.4242Feather Falls,herbicide,17,19,1998,0.2685,4.7945,0.226369665,72.17990299,121262.237,0.045,0.9275,0.0063585,2.701204625,4538.02377,0.502,5.406,0.79129256,91.76598504,154166.8549Feather Falls,herbicide,17,19,1999,0.196,4.9905,0.12062624,78.20198339,131379.3321,0.0455,0.973,0.006500585,2.97272906,4994.184821,0.313,5.719,0.30762266,102.6998575,172535.7606Feather Falls,herbicide,17,19,2000,0.194,5.1845,0.11817704,84.40018639,141792.3131,0.0345,1.0075,0.003737385,3.187276625,5354.62473,0.241,5.96,0.18237434,111.537824,187383.5443Feather Falls,herbicide,17,19,2001,0.1025,5.287,0.032989625,87.77043866,147454.3369,0.0205,1.028,0.001319585,3.31830176,5574.746957,0.2285,6.1885,0.163946465,120.2542513,202027.1422Feather Falls,herbicide,17,19,2002,0.086,5.373,0.02322344,90.64906506,152290.4293,0.0255,1.0535,0.002041785,3.484967465,5854.745341,0.123,6.3115,0.04750506,125.0820013,210137.7622Feather Falls,herbicide,17,19,2003,0.0805,5.4535,0.020347985,93.38567947,156887.9415,0.0285,1.082,0.002550465,3.67607336,6175.803245,0.111,6.4225,0.03868794,129.5203096,217594.1201Feather Falls,herbicide,17,19,2004,0.1005,5.554,0.031714785,96.85931624,162723.6513,0.053,1.135,0.00882026,4.0450265,6795.64452,0.109,6.5315,0.03730634,133.9539457,225042.6288Feather Falls,herbicide,17,19,2005,0.178,5.732,0.09948776,103.1672874,173321.0428,0.0475,1.1825,0.007084625,4.390681625,7376.34513,0.1535,6.685,0.073985465,140.3241665,235744.5997Feather Falls,herbicide,17,19,2006,0.1175,5.8495,0.043351625,107.4402818,180499.6734,0.0265,1.209,0.002205065,4.58967834,7710.659611,0.2255,6.9105,0.159669785,149.9507322,251917.2301Feather Falls,herbicide,17,19,2007,0.0985,5.948,0.030465065,111.0891306,186629.7394,0.018,1.227,0.00101736,4.72736106,7941.966581,0.1435,7.054,0.064659665,156.2429962,262488.2336Feather Falls,herbicide,17,19,2008,0.0865,6.0345,0.023494265,114.3436974,192097.4116,0.0155,1.2425,0.000754385,4.847551625,8143.88673,0.116,7.17,0.04225184,161.423946,271192.2293Feather Falls,HF,1,7,1988,0,0,0,0,0,0,0,0,0,0,0,0,0,0,0Feather Falls,HF,1,7,1989,0.15,0.15,0.07065,0.07065,118.692,0.025,0.025,0.0019625,0.0019625,3.297,0,0,0,0,0Feather Falls,HF,1,7,1990,0.3445,0.4945,0.372655985,0.767824985,1289.945975,0.0945,0.1195,0.028040985,0.044839985,75.3311748,0.1745,0.1745,0.095613785,0.095613785,160.6311588Feather Falls,HF,1,7,1991,0.5805,1.075,1.058117985,3.6286625,6096.153,0.127,0.2465,0.05064506,0.190793465,320.5330212,0.4385,0.613,0.603766265,1.17991466,1982.256629Feather Falls,HF,1,7,1992,0.682,1.757,1.46048936,9.69333386,16284.80088,0.156,0.4025,0.07641504,0.508699625,854.61537,0.7075,1.3205,1.571746625,5.475281585,9198.473063Feather Falls,HF,1,7,1993,0.784,2.541,1.93001984,20.27397834,34060.28361,0.1465,0.549,0.067391465,0.94639914,1589.950555,0.8375,2.158,2.202415625,14.62286696,24566.41649Feather Falls,HF,1,7,1994,0.842,3.383,2.22614696,35.93632346,60373.02341,0.113,0.662,0.04009466,1.37608616,2311.824749,0.93,3.088,2.715786,29.94223616,50302.95675Feather Falls,HF,1,7,1995,0.7425,4.1255,1.731101625,53.44201579,89782.58653,0.0805,0.7425,0.020347985,1.731101625,2908.25073,0.955,4.043,2.8637585,51.32596586,86227.62264Feather Falls,HF,1,7,1996,0.625,4.7505,1.2265625,70.86116579,119046.7585,0.082,0.8245,0.02111336,2.134572785,3586.082279,0.8225,4.8655,2.124229625,74.33350339,124880.2857Feather Falls,HF,1,7,1997,0.4685,5.219,0.689205665,85.52719754,143685.6919,0.0685,0.893,0.014733665,2.50398986,4206.702965,0.7065,5.572,1.567306665,97.48815776,163780.105Feather Falls,HF,1,7,1998,0.3515,5.5705,0.387954065,97.43567659,163691.9367,0.086,0.979,0.02322344,3.00950474,5055.967963,0.537,6.109,0.90547866,117.1844263,196869.8362Feather Falls,HF,1,7,1999,0.3385,5.909,0.359788265,109.6371223,184190.3655,0.0655,1.0445,0.013471385,3.425677985,5755.139015,0.4365,6.5455,0.598271265,134.5288106,226008.4018Feather Falls,HF,1,7,2000,0.2755,6.1845,0.238326785,120.0988464,201766.062,0.036,1.0805,0.00406944,3.665887985,6158.691815,0.404,6.9495,0.51249824,151.6480278,254768.6867Feather Falls,HF,1,7,2001,0.1415,6.326,0.062869865,125.6573866,211104.4095,0.031,1.1115,0.00301754,3.879257265,6517.152205,0.3115,7.261,0.304681265,165.5474599,278119.7326Feather Falls,HF,1,7,2002,0.129,6.455,0.05225274,130.8344585,219801.8903,0.0225,1.134,0.001589625,4.03790184,6783.675091,0.172,7.433,0.09289376,173.4833955,291452.1044Feather Falls,HF,1,7,2003,0.12,6.575,0.045216,135.7441625,228050.193,0.024,1.158,0.00180864,4.21062696,7073.853293,0.151,7.584,0.07159514,180.6035558,303413.9737Feather Falls,HF,1,7,2004,0.109,6.684,0.03730634,140.2821878,235674.0755,0.0185,1.1765,0.001074665,4.346238065,7301.679949,0.143,7.727,0.06420986,187.4785011,314963.8818Feather Falls,HF,1,7,2005,0.112,6.796,0.03938816,145.0228342,243638.3615,0.0215,1.198,0.001451465,4.50654056,7570.988141,0.1275,7.8545,0.051044625,193.7165546,325443.8117Feather Falls,HF,1,7,2006,0.1115,6.9075,0.039037265,149.8205666,251698.5519,0.0355,1.2335,0.003957185,4.777579865,8026.334173,0.1335,7.988,0.055961865,200.3575722,336600.7213Feather Falls,HF,1,7,2007,0.1265,7.034,0.050247065,155.3582698,261001.8933,0.0385,1.272,0.004654265,5.08046976,8535.189197,0.147,8.135,0.06785226,207.7996265,349103.3725Feather Falls,HF,1,7,2008,0.094,7.128,0.02774504,159.5383258,268024.3873,0,1.272,0,5.08046976,8535.189197,0.1645,8.2995,0.084969185,216.2885388,363364.7452Feather Falls,HF,1,10,1988,0,0,0,0,0,0,0,0,0,0,0,0,0,0,0Feather Falls,HF,1,10,1989,0.5985,0.5985,1.124755065,1.124755065,1889.588509,0.094,0.094,0.02774504,0.02774504,46.6116672,0,0,0,0,0Feather Falls,HF,1,10,1990,0.835,1.4335,2.1892865,6.452455865,10840.12585,0.1575,0.2515,0.077891625,0.198612065,333.6682692,0.692,0.692,1.50363296,1.50363296,2526.103373Feather Falls,HF,1,10,1991,1.125,2.5585,3.9740625,20.55419587,34531.04906,0.219,0.4705,0.15059754,0.695102585,1167.772343,0.992,1.684,3.08996096,8.90458784,14959.70757Feather Falls,HF,1,10,1992,1.3535,3.912,5.752361465,48.05375616,80730.31035,0.2375,0.708,0.177115625,1.57396896,2644.267853,1.344,3.028,5.67189504,28.78998176,48367.16936Feather Falls,HF,1,10,1993,1.339,5.251,5.62977194,86.57922314,145453.0949,0.2825,0.9905,0.250591625,3.080623385,5175.447287,1.5905,4.6185,7.943227385,66.97790267,112522.8765Feather Falls,HF,1,10,1994,0.8925,6.1435,2.501186625,118.5117397,199099.7227,0.141,1.1315,0.06242634,4.020117665,6753.797677,1.621,6.2395,8.25079274,122.2444712,205370.7116Feather Falls,HF,1,10,1995,1.0395,7.183,3.392959185,162.0098355,272176.5236,0.2155,1.347,0.145822385,5.69724426,9571.370357,1.0335,7.273,3.353903865,166.0951011,279039.7698Feather Falls,HF,1,10,1996,0.7535,7.9365,1.782773465,197.7824213,332274.4678,0.273,1.62,0.23402106,8.240616,13844.23488,1.254,8.527,4.93770024,228.3085491,383558.3625Feather Falls,HF,1,10,1997,0.651,8.5875,1.33073514,231.5597906,389020.4482,0.177,1.797,0.09837306,10.13971626,17034.72332,1.026,9.553,3.30540264,286.5558003,481413.7445Feather Falls,HF,1,10,1998,0.4815,9.069,0.727984665,258.2548295,433868.1136,0.1555,1.9525,0.075925985,11.97048463,20110.41418,0.8275,10.3805,2.150134625,338.35001,568428.0168Feather Falls,HF,1,10,1999,0.7525,9.8215,1.778044625,302.8902475,508855.6158,0.1685,2.121,0.089151665,14.12573274,23731.231,0.637,11.0175,1.27411466,381.1498616,640331.7675Feather Falls,HF,1,10,2000,0.5755,10.397,1.039968785,339.4264923,570236.5071,0.1735,2.2945,0.094521065,16.53125299,27772.50502,0.921,11.9385,2.66347674,447.5372363,751862.557Feather Falls,HF,1,10,2001,0.3265,10.7235,0.334731065,361.0794401,606613.4594,0.0985,2.393,0.030465065,17.98104986,30208.16376,0.7485,12.687,1.759192065,505.4143027,849096.0285Feather Falls,HF,1,10,2002,0.35,11.0735,0.38465,385.0343431,646857.6964,0.14,2.533,0.061544,20.14651946,33846.15269,0.4245,13.1115,0.565828785,539.8018973,906867.1875Feather Falls,HF,1,10,2003,0.305,11.3785,0.2920985,406.5366235,682981.5275,0.1205,2.6535,0.045593585,22.10893547,37143.01159,0.49,13.6015,0.753914,580.9025191,975916.2321Feather Falls,HF,1,10,2004,0.2195,11.598,0.151285985,422.3727166,709586.1639,0.062,2.7155,0.01207016,23.15417239,38899.00962,0.4255,14.027,0.568497785,617.8161291,1037931.097Feather Falls,HF,1,10,2005,0.263,11.861,0.21719066,441.7456279,742132.6549,0.1215,2.837,0.046353465,25.27250666,42457.81119,0.2815,14.3085,0.248820665,642.8621609,1080008.43Feather Falls,HF,1,10,2006,0.228,12.089,0.16322976,458.8919119,770938.412,0.106,2.943,0.03528104,27.19632186,45689.82072,0.384,14.6925,0.46301184,677.8304066,1138755.083Feather Falls,HF,1,10,2007,0.3135,12.4025,0.308606265,483.0010996,811441.8473,0.079,3.022,0.01959674,28.67599976,48175.6796,0.334,15.0265,0.35028584,708.9985051,1191117.489Feather Falls,HF,1,10,2008,0.0365,12.439,0.004183265,485.8481839,816224.949,5.00E-04,3.0225,7.85E-07,28.68548963,48191.62258,0.3925,15.419,0.483736625,746.5210615,1254155.383Feather Falls,HF,1,11,1988,0.0965,0.0965,0.029240465,0.029240465,49.1239812,0.024,0.024,0.00180864,0.00180864,3.0385152,0,0,0,0,0Feather Falls,HF,1,11,1989,0.3225,0.419,0.326579625,0.55126154,926.1193872,0.083,0.107,0.02163146,0.03594986,60.3957648,0.1545,0.1545,0.074952585,0.074952585,125.9203428Feather Falls,HF,1,11,1990,0.6905,1.1095,1.497121385,3.865309385,6493.719767,0.178,0.285,0.09948776,0.2550465,428.47812,0.4515,0.606,0.640096065,1.15312104,1937.243347Feather Falls,HF,1,11,1991,0.857,1.9665,2.30616986,12.14276387,20399.8433,0.259,0.544,0.21063434,0.92923904,1561.121587,0.687,1.293,1.48198266,5.24960586,8819.337845Feather Falls,HF,1,11,1992,1.1955,3.162,4.487751585,31.39448616,52742.73675,0.188,0.732,0.11098016,1.68248736,2826.578765,0.716,2.009,1.60973984,12.67329434,21291.13449Feather Falls,HF,1,11,1993,1.1315,4.2935,4.020117665,57.88320667,97243.78721,0.194,0.926,0.11817704,2.69247464,4523.357395,0.8695,2.8785,2.373934985,26.01729347,43709.05303Feather Falls,HF,1,11,1994,1.018,5.3115,3.25405736,88.58578127,148824.1125,0.118,1.044,0.04372136,3.42239904,5749.630387,1.0045,3.883,3.168323585,47.34394346,79537.82501Feather Falls,HF,1,11,1995,1.0455,6.357,3.432240585,126.8919499,213178.4758,0.164,1.208,0.08445344,4.58208896,7697.909453,1.1115,4.9945,3.879257265,78.32739499,131590.0236Feather Falls,HF,1,11,1996,0.796,7.153,1.98955424,160.6593843,269907.7656,0.093,1.301,0.02715786,5.31476714,8928.808795,1.356,6.3505,5.77363104,126.6325898,212742.7509Feather Falls,HF,1,11,1997,0.5335,7.6865,0.893713865,185.5183663,311670.8554,0.093,1.394,0.02715786,6.10176104,10250.95855,1.385,7.7355,6.0232265,187.8911952,315657.2079Feather Falls,HF,1,11,1998,0.4465,8.133,0.625997465,207.6974635,348931.7387,0.109,1.503,0.03730634,7.09328826,11916.72428,1.1595,8.895,4.221542385,248.4400185,417379.2311Feather Falls,HF,1,11,1999,0.448,8.581,0.63021056,231.2093815,388431.7609,0.1225,1.6255,0.047119625,8.296665785,13938.39852,0.909,9.804,2.59452234,301.8118262,507043.868Feather Falls,HF,1,11,2000,0.3215,8.9025,0.324557465,248.8591496,418083.3713,0.0785,1.704,0.019349465,9.11735424,15317.15512,0.741,10.545,1.72411434,349.1586585,586586.5463Feather Falls,HF,1,11,2001,0.245,9.1475,0.1884785,262.7450146,441411.6245,0.066,1.77,0.01367784,9.837306,16526.67408,0.6805,11.2255,1.454071985,395.6772098,664737.7125Feather Falls,HF,1,11,2002,0.1635,9.311,0.083939265,272.2214239,457331.9922,0.0445,1.8145,0.006217985,10.33816819,17368.12256,0.4505,11.676,0.637263785,428.0729846,719162.6141Feather Falls,HF,1,11,2003,0.2005,9.5115,0.126228785,284.0715053,477240.1289,0.0735,1.888,0.016963065,11.19266816,18803.68251,0.273,11.949,0.23402106,448.3248071,753185.6759Feather Falls,HF,1,11,2004,0.157,9.6685,0.07739786,293.5268617,493125.1277,0.039,1.927,0.00477594,11.65985306,19588.55314,0.292,12.241,0.26772896,470.5041343,790446.9456Feather Falls,HF,1,11,2005,0.2115,9.88,0.140459265,306.509216,514935.4829,0.044,1.971,0.00607904,12.19840074,20493.31324,0.3045,12.5455,0.291141585,494.2032506,830261.461Feather Falls,HF,1,11,2006,0.212,10.092,0.14112416,319.804177,537271.0174,0.078,2.049,0.01910376,13.18297914,22147.40496,0.2905,12.836,0.264985385,517.3554934,869157.2289Feather Falls,HF,1,11,2007,0.2545,10.3465,0.203378585,336.1371955,564710.4884,0.042,2.091,0.00553896,13.72896234,23064.65673,0.3135,13.1495,0.308606265,542.9353598,912131.4045Feather Falls,HF,1,11,2008,0.024,10.3705,0.00180864,337.6984286,567333.36,0,2.091,0,13.72896234,23064.65673,0.2565,13.406,0.206587665,564.323425,948063.354Feather Falls,HF,10,2,1988,0,0,0,0,0,0,0,0,0,0,0,0,0,0,0Feather Falls,HF,10,2,1989,0.201,0.201,0.12685914,0.12685914,213.1233552,0.038,0.038,0.00453416,0.00453416,7.6173888,0,0,0,0,0Feather Falls,HF,10,2,1990,0.475,0.676,0.7084625,1.43490464,2410.639795,0.103,0.141,0.03331226,0.06242634,104.8762512,0.239,0.239,0.17935994,0.17935994,301.3246992Feather Falls,HF,10,2,1991,0.769,1.445,1.85687354,6.5563985,11014.74948,0.178,0.319,0.09948776,0.31952954,536.8096272,0.578,0.817,1.04902376,2.09591546,3521.137973Feather Falls,HF,10,2,1992,0.944,2.389,2.79816704,17.92098794,30107.25974,0.2135,0.5325,0.143128265,0.890366625,1495.81593,0.9465,1.7635,2.813007465,9.765187265,16405.51461Feather Falls,HF,10,2,1993,0.989,3.378,3.07129994,35.83017576,60194.69528,0.2425,0.775,0.184651625,1.8859625,3168.417,1.1575,2.921,4.206991625,26.79123674,45009.27772Feather Falls,HF,10,2,1994,0.9875,4.3655,3.061990625,59.84083339,100532.6001,0.2015,0.9765,0.127491065,2.994154065,5030.178829,1.231,4.152,4.75823354,54.13078656,90939.72142Feather Falls,HF,10,2,1995,1.072,5.4375,3.60843776,92.83851563,155968.7063,0.2635,1.24,0.218017265,4.828064,8111.14752,1.1885,5.3405,4.435351265,89.55575239,150453.664Feather Falls,HF,10,2,1996,1.2425,6.68,4.847551625,140.114336,235392.0845,0.2215,1.4615,0.154055465,6.706984265,11267.73357,1.3355,6.676,5.600379185,139.9465846,235110.2621Feather Falls,HF,10,2,1997,1.0965,7.7765,3.775260465,189.8882101,319012.193,0.299,1.7605,0.28071914,9.731991185,16349.74519,1.4635,8.1395,6.725353265,208.0295852,349489.7031Feather Falls,HF,10,2,1998,0.8865,8.663,2.467670265,235.6493667,395890.9361,0.2255,1.986,0.159669785,12.38477544,20806.42274,1.395,9.5345,6.1105185,285.4470074,479550.9724Feather Falls,HF,10,2,1999,0.832,9.495,2.17358336,283.0867785,475585.7879,0.167,2.153,0.08757146,14.55518426,24452.70956,1.1115,10.646,3.879257265,355.8791722,597877.0093Feather Falls,HF,10,2,2000,0.7445,10.2395,1.740439985,329.2207112,553090.7948,0.1715,2.3245,0.092354465,16.96636279,28503.48949,0.9985,11.6445,3.130587065,425.766354,715287.4747Feather Falls,HF,10,2,2001,0.548,10.7875,0.94295456,365.4022906,613875.8482,0.128,2.4525,0.05144576,18.88633463,31729.04218,0.9155,12.56,2.631760385,495.346304,832181.7907Feather Falls,HF,10,2,2002,0.4135,11.201,0.536884265,393.9519391,661839.2577,0.1085,2.561,0.036964865,20.59438394,34598.56502,0.676,13.236,1.43490464,550.1019254,924171.2347Feather Falls,HF,10,2,2003,0.4605,11.6615,0.665869185,427.0104283,717377.5195,0.0825,2.6435,0.021371625,21.94260967,36863.58425,0.5215,13.7575,0.853961465,594.3040516,998430.8067Feather Falls,HF,10,2,2004,0.3635,12.025,0.414895265,454.0459625,762797.217,0.079,2.7225,0.01959674,23.27369963,39099.81538,0.543,14.3005,0.92582586,642.1435028,1078801.085Feather Falls,HF,10,2,2005,0.276,12.301,0.23919264,475.1278471,798214.7831,0.0605,2.783,0.011493185,24.31957946,40856.89349,0.442,14.7425,0.61344296,682.4517016,1146518.859Feather Falls,HF,10,2,2006,0.2645,12.5655,0.219675185,495.7802214,832910.772,0.0805,2.8635,0.020347985,25.74684527,43254.70005,0.3365,15.079,0.355549265,713.9613967,1199455.146Feather Falls,HF,10,2,2007,0.2565,12.822,0.206587665,516.2275678,867262.3139,0.085,2.9485,0.0226865,27.29806807,45860.75436,0.3445,15.4235,0.372655985,746.9568661,1254887.535Feather Falls,HF,10,2,2008,0.193,13.015,0.11696186,531.8853065,893567.3149,0.048,2.9965,0.00723456,28.19409847,47366.08543,0.3415,15.765,0.366193865,780.4006065,1311073.019Feather Falls,HF,10,5,1988,0.103,0.103,0.03331226,0.03331226,55.9645968,0.0215,0.0215,0.001451465,0.001451465,2.4384612,0,0,0,0,0Feather Falls,HF,10,5,1989,0.2465,0.3495,0.190793465,0.383551785,644.3669988,0.0755,0.097,0.017898785,0.02954426,49.6343568,0.124,0.124,0.04828064,0.04828064,81.1114752Feather Falls,HF,10,5,1990,0.657,1.0065,1.35537786,3.180952665,5344.000477,0.115,0.212,0.0415265,0.14112416,237.0885888,0.3215,0.4455,0.324557465,0.623196585,1046.970263Feather Falls,HF,10,5,1991,0.9015,1.908,2.551885065,11.43105696,19204.17569,0.14,0.352,0.061544,0.38905856,653.6183808,0.772,1.2175,1.87138976,4.654441625,7819.46193Feather Falls,HF,10,5,1992,1.032,2.94,3.34417536,27.140904,45596.71872,0.1565,0.5085,0.076905665,0.811916865,1364.020333,1.0415,2.259,3.406027865,16.02367434,26919.77289Feather Falls,HF,10,5,1993,0.9675,3.9075,2.939216625,47.94326663,80544.68794,0.205,0.7135,0.1319585,1.598518265,2685.510685,1.188,3.447,4.43162016,37.30888026,62678.91884Feather Falls,HF,10,5,1994,0.6705,4.578,1.411650585,65.80838376,110558.0847,0.1535,0.867,0.073985465,2.36030346,3965.309813,1.1725,4.6195,4.316734625,67.00690999,112571.6088Feather Falls,HF,10,5,1995,1.0315,5.6095,3.340935665,98.80477939,165992.0294,0.1455,1.0125,0.066474585,3.218990625,5407.90425,1.1735,5.793,4.324101065,105.3747859,177029.6403Feather Falls,HF,10,5,1996,0.691,6.3005,1.49929034,124.6463828,209405.9231,0.1455,1.158,0.066474585,4.21062696,7073.853293,1.177,6.97,4.34993306,152.544026,256273.9637Feather Falls,HF,10,5,1997,0.5195,6.82,0.847423985,146.048936,245362.2125,0.1355,1.2935,0.057651185,5.253666665,8826.159997,0.836,7.806,2.19453344,191.331617,321437.1166Feather Falls,HF,10,5,1998,0.4475,7.2675,0.628804625,165.8439866,278617.8975,0.052,1.3455,0.00849056,5.684562585,9550.065143,0.655,8.461,1.3471385,224.7879559,377643.7659Feather Falls,HF,10,5,1999,0.5165,7.784,0.837664865,190.2546598,319627.8285,0.082,1.4275,0.02111336,6.398554625,10749.57177,0.499,8.96,0.78186314,252.084224,423501.4963Feather Falls,HF,10,5,2000,0.471,8.255,0.69658074,213.9753785,359478.6359,0.0625,1.49,0.012265625,6.971114,11711.47152,0.598,9.558,1.12287656,286.855843,481917.8162Feather Falls,HF,10,5,2001,0.324,8.579,0.32962464,231.1016167,388250.7161,0.0495,1.5395,0.007693785,7.441989185,12502.54183,0.533,10.091,0.89203946,319.7408023,537164.5479Feather Falls,HF,10,5,2002,0.281,8.86,0.24793754,246.488744,414101.0899,0.067,1.6065,0.01409546,8.103844665,13614.45904,0.373,10.464,0.43686506,343.8152294,577609.5854Feather Falls,HF,10,5,2003,0.2815,9.1415,0.248820665,262.4004499,440832.7558,0.075,1.6815,0.0176625,8.878168665,14915.32336,0.348,10.812,0.38026656,367.0639402,616667.4195Feather Falls,HF,10,5,2004,0.326,9.4675,0.33370664,281.4493666,472834.9359,0.053,1.7345,0.00882026,9.446659385,15870.38777,0.3565,11.1685,0.399069665,391.6691317,658004.1413Feather Falls,HF,10,5,2005,0.276,9.7435,0.23919264,298.0983877,500805.2913,0.074,1.8085,0.01719464,10.26991087,17253.45026,0.379,11.5475,0.45103274,418.7025346,703420.2581Feather Falls,HF,10,5,2006,0.3065,10.05,0.294978665,317.14785,532808.388,0.1445,1.953,0.065563985,11.97661626,20120.71532,0.35,11.8975,0.38465,444.4685896,746707.2305Feather Falls,HF,10,5,2007,0.323,10.373,0.32759306,337.8612651,567606.9254,0.061,2.014,0.01168394,12.73645544,21397.24514,0.451,12.3485,0.63867914,478.8043201,804391.2578Feather Falls,HF,10,5,2008,0.0625,10.4355,0.012265625,341.9449332,574467.4878,0,2.014,0,12.73645544,21397.24514,0.384,12.7325,0.46301184,509.0459866,855197.2575Feather Falls,HF,10,9,1988,0.163,0.163,0.08342666,0.08342666,140.1567888,0.0365,0.0365,0.004183265,0.004183265,7.0278852,0,0,0,0,0Feather Falls,HF,10,9,1989,0.1585,0.3215,0.078883865,0.324557465,545.2565412,0.0605,0.097,0.011493185,0.02954426,49.6343568,0.1995,0.1995,0.124972785,0.124972785,209.9542788Feather Falls,HF,10,9,1990,0.168,0.4895,0.08862336,0.752376185,1263.991991,0.0695,0.1665,0.015166985,0.087047865,146.2404132,0.219,0.4185,0.15059754,0.549946665,923.9103972Feather Falls,HF,10,9,1991,0.4435,0.933,0.617613665,2.73333546,4592.003573,0.142,0.3085,0.06331496,0.298840865,502.0526532,0.237,0.6555,0.17637066,1.349195985,2266.649255Feather Falls,HF,10,9,1992,0.4165,1.3495,0.544702865,5.718411785,9606.931799,0.1585,0.467,0.078883865,0.68479946,1150.463093,0.585,1.2405,1.0745865,4.831958385,8117.690087Feather Falls,HF,10,9,1993,0.6345,1.984,1.264133385,12.35984384,20764.53765,0.2175,0.6845,0.148541625,1.471216385,2471.643527,0.575,1.8155,1.0381625,10.34956639,17387.27154Feather Falls,HF,10,9,1994,0.6385,2.6225,1.280122265,21.59536963,36280.22098,0.1565,0.841,0.076905665,2.22086234,3731.048731,0.852,2.6675,2.27933856,22.34284663,37535.98234Feather Falls,HF,10,9,1995,0.6145,3.237,1.185696185,32.90145066,55274.43711,0.1625,1.0035,0.082915625,3.162018465,5312.191021,0.7945,3.462,1.982062985,37.63429416,63225.61419Feather Falls,HF,10,9,1996,0.675,3.912,1.4306625,48.05375616,80730.31035,0.289,1.2925,0.26225594,5.245546625,8812.51833,0.7765,4.2385,1.893270065,56.40973027,94768.34685Feather Falls,HF,10,9,1997,0.586,4.498,1.07826344,63.52849256,106727.8675,0.19,1.4825,0.113354,6.901111625,11593.86753,0.963,5.2015,2.91193866,84.95459107,142723.713Feather Falls,HF,10,9,1998,0.305,4.803,0.2920985,72.43606026,121692.5812,0.1575,1.64,0.077891625,8.445344,14188.17792,0.776,5.9775,1.89083264,112.1937896,188485.5665Feather Falls,HF,10,9,1999,0.258,5.061,0.20901096,80.42708394,135117.501,0.0845,1.7245,0.022420385,9.338046785,15687.9186,0.4625,6.44,0.671665625,130.227104,218781.5347Feather Falls,HF,10,9,2000,0.296,5.357,0.27511424,90.10998986,151384.783,0.136,1.8605,0.05807744,10.86898519,18259.89512,0.342,6.782,0.36726696,144.4259454,242635.5883Feather Falls,HF,10,9,2001,0.1915,5.5485,0.115150865,96.66757607,162401.5278,0.103,1.9635,0.03331226,12.10574327,20337.64869,0.432,7.214,0.58599936,163.4112394,274530.8822Feather Falls,HF,10,9,2002,0.1385,5.687,0.060232265,101.5537827,170610.3549,0.063,2.0265,0.01246266,12.89504507,21663.67572,0.2935,7.5075,0.270486665,176.9784266,297323.7567Feather Falls,HF,10,9,2003,0.1015,5.7885,0.032349065,105.2111393,176754.714,0.063,2.0895,0.01246266,13.70927219,23031.57728,0.201,7.7085,0.12685914,186.5818529,313457.5129Feather Falls,HF,10,9,2004,0.1345,5.923,0.056803385,110.1572571,185064.1919,0.066,2.1555,0.01367784,14.58900599,24509.53006,0.164,7.8725,0.08445344,194.6054446,326937.1469Feather Falls,HF,10,9,2005,0.095,6.018,0.0283385,113.7192574,191048.3524,0.0365,2.192,0.004183265,15.08727296,25346.61857,0.2005,8.073,0.126228785,204.6442531,343802.3452Feather Falls,HF,10,9,2006,0.053,6.071,0.00882026,115.7311087,194428.2626,0.035,2.227,0.0038465,15.57292106,26162.50738,0.131,8.204,0.05388554,211.3396342,355050.5855Feather Falls,HF,10,9,2007,0.048,6.119,0.00723456,117.5683855,197514.8876,0.028,2.255,0.00246176,15.9669785,26824.52388,0.088,8.292,0.02431616,215.897809,362708.3191Feather Falls,HF,10,9,2008,0.0315,6.1505,0.003115665,118.7819618,199553.6958,0.0055,2.2605,9.50E-05,16.04496119,26955.5348,0.076,8.368,0.01813664,219.8735514,369387.5664Feather Falls,HF,19,3,1988,0,0,0,0,0,0,0,0,0,0,0,0,0,0,0Feather Falls,HF,19,3,1989,0.43,0.43,0.580586,0.580586,975.38448,0.1085,0.1085,0.036964865,0.036964865,62.1009732,0,0,0,0,0Feather Falls,HF,19,3,1990,0.94,1.37,2.774504,5.893466,9901.02288,0.1725,0.281,0.093434625,0.24793754,416.5350672,0.538,0.538,0.90885416,0.90885416,1526.874989Feather Falls,HF,19,3,1991,0.969,2.339,2.94833754,17.17869194,28860.20246,0.223,0.504,0.15614906,0.79761024,1339.985203,1.112,1.65,3.88274816,8.54865,14361.732Feather Falls,HF,19,3,1992,1.131,3.47,4.01656554,37.808426,63518.15568,0.311,0.815,0.30370394,2.0856665,3503.91972,1.192,2.842,4.46151296,25.36166696,42607.60049Feather Falls,HF,19,3,1993,1.34,4.81,5.638184,72.647354,122047.5547,0.262,1.077,0.21554216,3.64217706,6118.857461,1.442,4.284,6.52920296,57.62733984,96813.93093Feather Falls,HF,19,3,1994,1.0375,5.8475,3.379915625,107.3668246,180376.2653,0.2565,1.3335,0.206587665,5.583617865,9380.478013,1.602,5.886,8.05850856,108.7852874,182759.2828Feather Falls,HF,19,3,1995,1.1545,7.002,4.185212585,153.9479326,258632.5268,0.2655,1.599,0.221339385,8.02835514,13487.63664,1.2935,7.1795,5.253666665,161.8519916,271911.3459Feather Falls,HF,19,3,1996,0.924,7.926,2.68085664,197.2594346,331395.8501,0.191,1.79,0.11455034,10.060874,16902.26832,1.4195,8.599,6.327037985,232.1803951,390063.0638Feather Falls,HF,19,3,1997,0.758,8.684,1.80413096,236.7932278,397812.6227,0.155,1.945,0.0754385,11.8786985,19956.21348,1.115,9.714,3.9037265,296.2960394,497777.3462Feather Falls,HF,19,3,1998,0.5705,9.2545,1.021976585,268.9277186,451798.5672,0.1085,2.0535,0.036964865,13.24094747,22244.79175,0.9125,10.6265,2.614540625,354.5766571,595688.7839Feather Falls,HF,19,3,1999,0.6675,9.922,1.399046625,309.1207038,519322.7824,0.1295,2.183,0.052658585,14.96363546,25138.90757,0.6785,11.305,1.445537465,401.3014985,674186.5175Feather Falls,HF,19,3,2000,0.533,10.455,0.89203946,343.2240585,576616.4183,0.099,2.282,0.03077514,16.35162536,27470.7306,0.797,12.102,1.99455626,459.8793886,772597.3728Feather Falls,HF,19,3,2001,0.4095,10.8645,0.526547385,370.6373112,622670.6828,0.097,2.379,0.02954426,17.77127274,29855.7382,0.632,12.734,1.25419136,509.1659338,855398.7688Feather Falls,HF,19,3,2002,0.3825,11.247,0.459401625,397.1943283,667286.4715,0.1285,2.5075,0.051848465,19.74292663,33168.11674,0.5065,13.2405,0.805542665,550.4760384,924799.7445Feather Falls,HF,19,3,2003,0.4145,11.6615,0.539484185,427.0104283,717377.5195,0.125,2.6325,0.0490625,21.76037663,36557.43274,0.51,13.7505,0.816714,593.6994258,997415.0353Feather Falls,HF,19,3,2004,0.3785,12.04,0.449843465,455.179424,764701.4323,0.08,2.7125,0.020096,23.10304063,38813.10826,0.5395,14.29,0.913929185,641.200874,1077217.468Feather Falls,HF,19,3,2005,0.3305,12.3705,0.342982985,480.5119086,807260.0064,0.0935,2.806,0.027450665,24.72321704,41535.00463,0.4585,14.7485,0.660097865,683.0073121,1147452.284Feather Falls,HF,19,3,2006,0.258,12.6285,0.20901096,500.7640985,841283.6855,0.0945,2.9005,0.028040985,26.41650679,44379.73141,0.4235,15.172,0.563166065,722.7952938,1214296.094Feather Falls,HF,19,3,2007,0.277,12.9055,0.24092906,522.973061,878594.7425,0.0855,2.986,0.022954185,27.99685544,47034.71714,0.3515,15.5235,0.387954065,756.6742241,1271212.696Feather Falls,HF,19,3,2008,0.061,12.9665,0.01168394,527.9285839,886920.021,0,2.986,0,27.99685544,47034.71714,0.3625,15.886,0.412615625,792.4260874,1331275.827Feather Falls,HF,19,16,1988,0,0,0,0,0,0,0,0,0,0,0,0,0,0,0Feather Falls,HF,19,16,1989,0,0,0,0,0,0,0,0,0,0,0,0,0,0,0Feather Falls,HF,19,16,1990,0.416,0.416,0.54339584,0.54339584,912.9050112,0.075,0.075,0.0176625,0.0176625,29.673,0,0,0,0,0Feather Falls,HF,19,16,1991,0.674,1.09,1.42642664,3.730634,6267.46512,0.119,0.194,0.04446554,0.11817704,198.5374272,0.491,0.491,0.75699434,0.75699434,1271.750491Feather Falls,HF,19,16,1992,0.793,1.883,1.97458586,11.13346346,18704.21861,0.133,0.327,0.05554346,0.33575706,564.0718608,0.7925,1.2835,1.972096625,5.172748865,8690.218093Feather Falls,HF,19,16,1993,0.794,2.677,1.97956904,22.50227306,37803.81874,0.1955,0.5225,0.120011585,0.857239625,1440.16257,0.926,2.2095,2.69247464,15.32913539,25752.94746Feather Falls,HF,19,16,1994,0.931,3.608,2.72162954,40.87546496,68670.78113,0.101,0.6235,0.03203114,1.220682065,2050.745869,0.989,3.1985,3.07129994,32.12346307,53967.41796Feather Falls,HF,19,16,1995,0.8045,4.4125,2.032271585,61.13629063,102708.9683,0.208,0.8315,0.13584896,2.170971665,3647.232397,1.032,4.2305,3.34417536,56.19698899,94410.9415Feather Falls,HF,19,16,1996,1.0075,5.42,3.187276625,92.241896,154966.3853,0.247,1.0785,0.19156826,3.652329465,6135.913501,1.0125,5.243,3.218990625,86.31561386,145010.2313Feather Falls,HF,19,16,1997,0.8675,6.2875,2.363026625,124.1325406,208542.6682,0.212,1.2905,0.14112416,5.229325385,8785.266647,1.2545,6.4975,4.941638585,132.5629696,222705.7889Feather Falls,HF,19,16,1998,0.6955,6.983,1.518881585,153.1135875,257230.827,0.2495,1.54,0.195465785,7.446824,12510.66432,1.079,7.5765,3.65571674,180.2465261,302814.1638Feather Falls,HF,19,16,1999,0.755,7.738,1.7898785,188.0126622,315861.2725,0.1945,1.7345,0.118786985,9.446659385,15870.38777,0.9445,8.521,2.801131985,227.9873647,383018.7727Feather Falls,HF,19,16,2000,0.7025,8.4405,1.549609625,223.7000064,375816.0108,0.1525,1.887,0.073024625,11.18081466,18783.76863,0.9495,9.4705,2.830867785,281.6277626,473134.6412Feather Falls,HF,19,16,2001,0.4755,8.916,0.709954785,249.6144758,419352.3193,0.11,1.997,0.037994,12.52234826,21037.54508,0.855,10.3255,2.2954185,334.7740838,562420.4608Feather Falls,HF,19,16,2002,0.291,9.207,0.26589834,266.1741859,447172.6323,0.086,2.083,0.02322344,13.62411146,22888.50725,0.5855,10.911,1.076424185,373.8167519,628012.1432Feather Falls,HF,19,16,2003,0.2595,9.4665,0.211448385,281.3899139,472735.0554,0.0655,2.1485,0.013471385,14.49440407,24350.59884,0.377,11.288,0.44628506,400.0954842,672160.4135Feather Falls,HF,19,16,2004,0.242,9.7085,0.18389096,295.9606129,497213.8297,0.124,2.2725,0.04828064,16.21576463,27242.48458,0.325,11.613,0.3316625,423.4659547,711422.8039Feather Falls,HF,19,16,2005,0.169,9.8775,0.08968154,306.3541196,514674.9209,0.032,2.3045,0.00321536,16.67566159,28015.11147,0.366,11.979,0.42062184,450.5788247,756972.4255Feather Falls,HF,19,16,2006,0.107,9.9845,0.03594986,313.0273544,525885.9554,0.022,2.3265,0.00151976,16.99557107,28552.5594,0.2005,12.1795,0.126228785,465.7882916,782524.3299Feather Falls,HF,19,16,2007,0.0875,10.072,0.024040625,318.5378778,535143.6347,0.039,2.3655,0.00477594,17.57015339,29517.8577,0.1285,12.308,0.051848465,475.668753,799123.505Feather Falls,HF,19,16,2008,0.073,10.145,0.01673306,323.1720185,542928.9911,0.019,2.3845,0.00113354,17.85353839,29993.9445,0.126,12.434,0.04985064,485.4576778,815568.8987Feather Falls,HF,19,20,1988,0,0,0,0,0,0,0,0,0,0,0,0,0,0,0Feather Falls,HF,19,20,1989,0,0,0,0,0,0,0,0,0,0,0,0,0,0,0Feather Falls,HF,19,20,1990,0.3,0.3,0.2826,0.2826,474.768,0.0655,0.0655,0.013471385,0.013471385,22.6319268,0,0,0,0,0Feather Falls,HF,19,20,1991,0.678,0.978,1.44340776,3.00335976,5045.644397,0.0695,0.135,0.015166985,0.0572265,96.14052,0.3645,0.3645,0.417181185,0.417181185,700.8643908Feather Falls,HF,19,20,1992,0.6835,1.6615,1.466920865,8.668228265,14562.62349,0.1725,0.3075,0.093434625,0.296906625,498.80313,0.747,1.1115,1.75214826,3.879257265,6517.152205Feather Falls,HF,19,20,1993,0.7755,2.437,1.888396785,18.64836266,31329.24927,0.186,0.4935,0.10863144,0.764722665,1284.734077,0.856,1.9675,2.30079104,12.15511663,20420.59594Feather Falls,HF,19,20,1994,0.997,3.434,3.12118826,37.02799784,62207.03637,0.181,0.6745,0.10286954,1.428543785,2399.953559,0.9615,2.929,2.902874265,26.93818874,45256.15708Feather Falls,HF,19,20,1995,0.9195,4.3535,2.654807985,59.51230147,99980.66647,0.145,0.8195,0.0660185,2.108761985,3542.720135,1.1775,4.1065,4.353629625,52.95089467,88957.50305Feather Falls,HF,19,20,1996,1.051,5.4045,3.46844714,91.71506759,154081.3136,0.2255,1.045,0.159669785,3.4289585,5760.65028,1.0635,5.17,3.551441265,83.928746,141000.2933Feather Falls,HF,19,20,1997,0.818,6.2225,2.10104936,121.5792496,204253.1393,0.1005,1.1455,0.031714785,4.120214585,6921.960503,1.276,6.446,5.11247264,130.4698762,219189.392Feather Falls,HF,19,20,1998,0.6365,6.859,1.272115265,147.7240663,248176.4314,0.1315,1.277,0.054297665,5.12048906,8602.421621,0.9175,7.3635,2.643271625,170.2543553,286027.3169Feather Falls,HF,19,20,1999,0.2685,7.1275,0.226369665,159.5159446,267986.7869,0.1895,1.4665,0.112758185,6.752953865,11344.96249,0.768,8.1315,1.85204736,207.6208577,348803.0409Feather Falls,HF,19,20,2000,0.3925,7.52,0.483736625,177.568256,298314.6701,0.0575,1.524,0.010381625,7.29288864,12252.05292,0.458,8.5895,0.65865896,231.6676622,389201.6725Feather Falls,HF,19,20,2001,0.2685,7.7885,0.226369665,190.4746993,319997.4948,0.038,1.562,0.00453416,7.66111016,12870.66507,0.45,9.0395,0.63585,256.5774392,431050.0979Feather Falls,HF,19,20,2002,0.19,7.9785,0.113354,199.8812915,335800.5697,0.036,1.598,0.00406944,8.01831656,13470.77182,0.3065,9.346,0.294978665,274.2718282,460776.6714Feather Falls,HF,19,20,2003,0.1665,8.145,0.087047865,208.3108185,349962.1751,0.057,1.655,0.01020186,8.6005385,14448.90468,0.226,9.572,0.16037864,287.6967978,483330.6203Feather Falls,HF,19,20,2004,0.2385,8.3835,0.178610265,220.6888469,370757.2628,0.059,1.714,0.01093034,9.22467944,15497.46146,0.2235,9.7955,0.156850065,301.2887156,506165.0422Feather Falls,HF,19,20,2005,0.1765,8.56,0.097818065,230.079104,386532.8947,0.06,1.774,0.011304,9.88181864,16601.45532,0.297,10.0925,0.27697626,319.8358666,537324.2559Feather Falls,HF,19,20,2006,0.1405,8.7005,0.061984385,237.6939188,399325.7836,0.052,1.826,0.00849056,10.46962664,17588.97276,0.2365,10.329,0.175627265,335.0010767,562801.8089Feather Falls,HF,19,20,2007,0.1355,8.836,0.057651185,245.1551734,411860.6913,0.0845,1.9105,0.022420385,11.46103219,19254.53408,0.1925,10.5215,0.116356625,347.6041615,583974.9913Feather Falls,HF,19,20,2008,0.1395,8.9755,0.061105185,252.9571448,424968.0033,0.0575,1.968,0.010381625,12.16129536,20430.9762,0.22,10.7415,0.151976,362.2926419,608651.6384Whitmore,control,5,3,1987,0.1345,0.1345,0.056803385,0.056803385,95.4296868,0.0605,0.09125,0.011493185,0.026145406,43.92428208,0,0,0,0,0Whitmore,control,5,3,1988,0.22975,0.36425,0.165745096,0.416609116,699.9033149,0.09725,0.1885,0.029696746,0.111571265,187.4397252,0.16525,0.16525,0.085745746,0.085745746,144.0528533Whitmore,control,5,3,1989,0.22225,0.5865,0.155100496,1.080104265,1814.575165,0.119,0.3075,0.04446554,0.296906625,498.80313,0.29025,0.4555,0.264529496,0.651487985,1094.499815Whitmore,control,5,3,1990,0.4375,1.024,0.601015625,3.29252864,5531.448115,0.101,0.4085,0.03203114,0.523978865,880.2844932,0.3195,0.775,0.320531985,1.8859625,3168.417Whitmore,control,5,3,1991,0.425,1.449,0.5671625,6.59274714,11075.8152,0.1385,0.547,0.060232265,0.93951626,1578.387317,0.5565,1.3315,0.972433665,5.566881665,9352.361197Whitmore,control,5,3,1992,0.46075,1.90975,0.666592366,11.4520355,19239.41964,0.1405,0.6875,0.061984385,1.484140625,2493.35625,0.526,1.8575,0.86876264,10.83396163,18201.05554Whitmore,control,5,3,1993,0.578,2.48775,1.04902376,19.4331462,32647.68562,0.15075,0.83825,0.071358266,2.206362016,3706.688187,0.59925,2.45675,1.127575766,18.95184857,31839.1056Whitmore,control,5,3,1994,0.466,2.95375,0.68186984,27.39536666,46024.21599,0.10375,0.942,0.033799156,2.78632296,4681.022573,0.7185,3.17525,1.621000665,31.65814745,53185.68772Whitmore,control,5,3,1995,0.4735,3.42725,0.703995065,36.88257365,61962.72373,0.035,0.977,0.0038465,2.99722106,5035.331381,0.61675,3.792,1.194394966,45.15088896,75853.49345Whitmore,control,5,3,1996,0.19625,3.6235,0.120934156,41.22742207,69262.06908,0.07175,1.04875,0.016164916,3.453612406,5802.068842,0.57725,4.36925,1.046303146,59.94368507,100705.3909Whitmore,control,5,3,1997,0.15025,3.77375,0.070885696,44.71733366,75125.12055,0.0615,1.11025,0.011876265,3.870536896,6502.501985,0.23125,4.6005,0.167916406,66.45684479,111647.4992Whitmore,control,5,3,1998,0.21025,3.984,0.138803896,49.83888384,83729.32485,0.08075,1.191,0.020474566,4.45403034,7482.770971,0.222,4.8225,0.15475176,73.02542963,122682.7218Whitmore,control,5,3,1999,0.21975,4.20375,0.151630796,55.48855416,93220.77099,0.078,1.269,0.01910376,5.05653354,8494.976347,0.27175,5.09425,0.231882916,81.48734282,136898.7359Whitmore,control,5,3,2000,0.2255,4.42925,0.159669785,61.60132247,103490.2217,0.083,1.352,0.02163146,5.73961856,9642.559181,0.3005,5.39475,0.283542785,91.38444855,153525.8736Whitmore,control,5,3,2001,0.167,4.59625,0.08757146,66.33411416,111441.3118,0.051,1.403,0.00816714,6.18080426,10383.75116,0.3035,5.69825,0.289232465,101.9559666,171286.0239Whitmore,control,5,3,2002,0.173,4.76925,0.09397706,71.42164107,119988.357,0.077,1.48,0.01861706,6.877856,11554.79808,0.25,5.94825,0.19625,111.0984691,186645.4281Whitmore,control,5,3,2003,0.192,4.96125,0.11575296,77.28796491,129843.781,0.05725,1.53725,0.010291546,7.420251946,12466.02327,0.224,6.17225,0.15755264,119.623544,200967.5539Whitmore,control,5,3,2004,0.217,5.17825,0.14785946,84.19681742,141450.6533,0.0555,1.59275,0.009671985,7.965717046,13382.40464,0.269,6.44125,0.22721354,130.2776629,218866.4737Whitmore,control,5,3,2005,0.2215,5.39975,0.154055465,91.5539222,153810.5893,0.0895,1.68225,0.025152185,8.886090296,14928.6317,0.27425,6.7155,0.236169016,141.6075324,237900.6544Whitmore,control,5,3,2006,0.173,5.57275,0.09397706,97.51440365,163824.1981,0,1.68225,0,8.886090296,14928.6317,0.277,6.9925,0.24092906,153.5304766,257931.2007Whitmore,control,5,3,2007,0,5.57275,0,97.51440365,163824.1981,0,0,0,0,0,0.2625,7.255,0.216365625,165.2739785,277660.2839Whitmore,control,5,3,2007,0,5.57275,0,97.51440365,163824.1981,0.0985,0.0985,0.030465065,0.030465065,51.1813092,0,7.255,0,165.2739785,277660.2839Whitmore,control,5,4,1987,0.10025,0.10025,0.031557196,0.031557196,53.01608928,0.04875,0.2565,0.007462406,0.206587665,347.0672772,0.19875,0.19875,0.124034906,0.124034906,208.3786421Whitmore,control,5,4,1988,0.1235,0.22375,0.047892065,0.157201156,264.0979421,0.05725,0.31375,0.010291546,0.309098656,519.2857421,0.23275,0.4315,0.170101846,0.584643665,982.2013572Whitmore,control,5,4,1989,0.13475,0.3585,0.057014746,0.403559865,677.9805732,0.0505,0.36425,0.008007785,0.416609116,699.9033149,0.1835,0.615,0.105730865,1.1876265,1995.21252Whitmore,control,5,4,1990,0.39375,0.75225,0.486822656,1.776863396,2985.130505,0.0695,0.43375,0.015166985,0.590756656,992.4711821,0.451,1.066,0.63867914,3.56815784,5994.505171Whitmore,control,5,4,1991,0.282,1.03425,0.24970536,3.358773416,5642.739339,0.06525,0.499,0.013368746,0.78186314,1313.530075,0.3325,1.3985,0.347146625,6.141219065,10317.24803Whitmore,control,5,4,1992,0.2925,1.32675,0.268646625,5.527233866,9285.752895,0.04575,0.54475,0.006572216,0.931803046,1565.429117,0.362,1.7605,0.41147816,9.731991185,16349.74519Whitmore,control,5,4,1993,0.29625,1.623,0.275579156,8.27116506,13895.5573,0.09275,0.6375,0.027012046,1.276115625,2143.87425,0.3615,2.122,0.410342265,14.13905576,23753.61368Whitmore,control,5,4,1994,0.28675,1.90975,0.258188266,11.4520355,19239.41964,0.061,0.6985,0.01168394,1.532013065,2573.781949,0.3325,2.4545,0.347146625,18.91715059,31780.81299Whitmore,control,5,4,1995,0.33225,2.242,0.346624796,15.78341096,26516.13041,0.07125,0.76975,0.015940406,1.860497296,3125.635457,0.425,2.8795,0.5671625,26.03537359,43739.42763Whitmore,control,5,4,1996,0.266,2.508,0.22217384,19.75080096,33181.34561,0.0775,0.84725,0.018859625,2.253994246,3786.710333,0.327,3.2065,0.33575706,32.28435667,54237.71921Whitmore,control,5,4,1997,0.29475,2.80275,0.272795546,24.66597975,41438.84598,0.08,0.92725,0.020096,2.699748646,4535.577725,0.366,3.5725,0.42062184,40.07505463,67326.09178Whitmore,control,5,4,1998,0.3415,3.14425,0.366193865,31.04300732,52152.2523,0.063,0.99025,0.01246266,3.079068496,5172.835073,0.419,3.9915,0.55126154,50.02670687,84044.86754Whitmore,control,5,4,1999,0.35,3.49425,0.38465,38.33871882,64409.04762,0.03375,1.024,0.003576656,3.29252864,5531.448115,0.43,4.4215,0.580586,61.38593947,103128.3783Whitmore,control,5,4,2000,0.3785,3.87275,0.449843465,47.09432465,79118.46541,0.0485,1.0725,0.007386065,3.611804625,6067.83177,0.4415,4.863,0.612055865,74.25713466,124751.9862Whitmore,control,5,4,2001,0.2735,4.14625,0.234879065,53.98096166,90688.01559,0.0655,1.138,0.013471385,4.06643816,6831.616109,0.30725,5.17025,0.296424046,83.9368631,141013.93Whitmore,control,5,4,2002,0.32125,4.4675,0.324052906,62.66986663,105285.3759,0.0625,1.2005,0.012265625,4.525368785,7602.619559,0.36975,5.54,0.429285296,96.371624,161904.3283Whitmore,control,5,4,2003,0.40425,4.87175,0.513132716,74.52459692,125201.3228,0.02125,1.22175,0.001417906,4.686993416,7874.148939,0.46975,6.00975,0.692888296,113.4076785,190524.8999Whitmore,control,5,4,2004,0.30725,5.179,0.296424046,84.22120874,141491.6307,0.07925,1.301,0.019720966,5.31476714,8928.808795,0.36975,6.3795,0.429285296,127.7917836,214690.1964Whitmore,control,5,4,2005,0.31375,5.49275,0.309098656,94.73475005,159154.3801,0,1.301,0,5.31476714,8928.808795,0.335,6.7145,0.3523865,141.5653622,237829.8085Whitmore,control,5,4,2006,0.24175,5.7345,0.183511216,103.2572994,173472.263,0,0,0,0,0,0.321,7.0355,0.32354874,155.4245372,261113.2225Whitmore,control,5,4,2007,0,5.7345,0,103.2572994,173472.263,0.14725,0.14725,0.068083246,0.068083246,114.3798533,0,7.0355,0,155.4245372,261113.2225Whitmore,control,5,6,1987,0.14275,0.14275,0.063985546,0.063985546,107.4957173,0.194,0.567,0.11817704,1.00947546,1695.918773,0.27525,0.27525,0.237894446,0.237894446,399.6626693Whitmore,control,5,6,1988,0.128,0.27075,0.05144576,0.230179466,386.7015029,0.18325,0.75025,0.105442966,1.767427696,2969.278529,0.42575,0.701,0.569166016,1.54299914,2592.238555Whitmore,control,5,6,1989,0.2,0.47075,0.1256,0.695841466,1169.013663,0.1755,0.92575,0.096712785,2.691021016,4520.915307,0.50975,1.21075,0.815913496,4.602974866,7732.997775Whitmore,control,5,6,1990,0.31575,0.7865,0.313051916,1.942348265,3263.145085,0.30575,1.2315,0.293536816,4.762099665,8000.327437,0.737,1.94775,1.70555066,11.9123124,20012.68483Whitmore,control,5,6,1991,0.55375,1.34025,0.962846656,5.640287996,9475.683833,0.2515,1.483,0.198612065,6.90576746,11601.68933,0.8175,2.76525,2.098481625,24.01034775,40337.38422Whitmore,control,5,6,1992,0.642,1.98225,1.29419496,12.3380493,20727.92282,0.19725,1.68025,0.122169746,8.864973796,14893.15598,0.741,3.50625,1.72411434,38.60249766,64852.19607Whitmore,control,5,6,1993,0.43525,2.4175,0.594849646,18.35112163,30829.88434,0.1735,1.85375,0.094521065,10.79026166,18127.63959,0.8705,4.37675,2.379398585,60.14965337,101051.4177Whitmore,control,5,6,1994,0.619,3.0365,1.20312554,28.95184327,48639.09669,0.09,1.94375,0.025434,11.86343516,19930.57107,0.7625,5.13925,1.825615625,82.93333637,139328.0051Whitmore,control,5,6,1995,0.56525,3.60175,1.003253746,40.73397362,68433.07568,0.0645,2.00825,0.013063185,12.66383372,21275.24065,0.578,5.71725,1.04902376,102.6370153,172430.1857Whitmore,control,5,6,1996,0.4045,4.00625,0.513767585,50.39712266,84667.16607,0.0835,2.09175,0.021892865,13.73881272,23081.20537,0.3635,6.08075,0.414895265,116.1031346,195053.2661Whitmore,control,5,6,1997,0.2735,4.27975,0.234879065,57.5130566,96621.93509,0.13725,2.229,0.059149946,15.60090474,26209.51996,0.30425,6.385,0.290663716,128.0122265,215060.5405Whitmore,control,5,6,1998,0.23975,4.5195,0.180487396,64.13726399,107750.6035,0.05025,2.27925,0.007928696,16.31223897,27404.56147,0.36325,6.74825,0.414324766,142.9920771,240226.6895Whitmore,control,5,6,1999,0.27975,4.79925,0.245736596,72.32299377,121502.6295,0.061,2.34025,0.01168394,17.197058,28891.05744,0.36225,7.1105,0.412046696,158.7559202,266709.9459Whitmore,control,5,6,2000,0.225,5.02425,0.1589625,79.26329652,133162.3382,0.07775,2.418,0.018981496,18.35871336,30842.63844,0.29275,7.40325,0.269106046,172.0974672,289123.7449Whitmore,control,5,6,2001,0.2425,5.26675,0.184651625,87.09937847,146326.9558,0.13025,2.54825,0.053270296,20.38983512,34254.923,0.2745,7.67775,0.236599785,185.0962335,310961.6723Whitmore,control,5,6,2002,0.2135,5.48025,0.143128265,94.3040598,158430.8205,0.0645,2.61275,0.013063185,21.43509245,36010.95532,0.34475,8.0225,0.373197046,202.0919896,339514.5425Whitmore,control,5,6,2003,0.267,5.74725,0.22384746,103.7169712,174244.5116,0.0495,2.66225,0.007693785,22.2549857,37388.37598,0.43775,8.46025,0.601702696,224.7481064,377576.8188Whitmore,control,5,6,2004,0.3075,6.05475,0.296906625,115.1123923,193388.8191,0.06075,2.723,0.011588366,23.28224906,39114.17842,0.29575,8.756,0.274649716,240.736063,404436.5858Whitmore,control,5,6,2005,0.23125,6.286,0.167916406,124.0733194,208443.1766,0,2.723,0,23.28224906,39114.17842,0.291,9.047,0.26589834,257.0033763,431765.6722Whitmore,control,5,6,2006,0.2415,6.5275,0.183131865,133.7899246,224767.0733,0,0,0,0,0,0.262,9.309,0.21554216,272.1044903,457135.5437Whitmore,control,5,6,2007,0.20125,6.72875,0.127174906,142.1668804,238840.3591,0.0715,0.0715,0.016052465,0.016052465,26.9681412,0.20125,9.51025,0.127174906,283.9968449,477114.6994Whitmore,control,8,5,1987,0.2245,0.2245,0.158256785,0.158256785,265.8713988,0.095,0.2745,0.0283385,0.236599785,397.4876388,0.35025,0.35025,0.385199696,0.385199696,647.1354893Whitmore,control,8,5,1988,0.24775,0.47225,0.192733396,0.700282996,1176.475433,0.09575,0.37025,0.028787716,0.430447096,723.1511213,0.33875,0.689,0.360319906,1.49062394,2504.248219Whitmore,control,8,5,1989,0.26175,0.734,0.215131016,1.69169384,2842.045651,0.13,0.50025,0.053066,0.785785196,1320.119129,0.39375,1.08275,0.486822656,3.681171346,6184.367861Whitmore,control,8,5,1990,0.29875,1.03275,0.280249906,3.349037846,5626.383581,0.114,0.61425,0.04080744,1.184731616,1990.349115,0.5455,1.62825,0.934370585,8.324761916,13985.60002Whitmore,control,8,5,1991,0.44975,1.4825,0.635143696,6.901111625,11593.86753,0.1205,0.73475,0.045593585,1.695152746,2847.856613,0.60175,2.23,1.137003616,15.614906,26233.04208Whitmore,control,8,5,1992,0.47175,1.95425,0.698800916,11.99195222,20146.47973,0.131,0.86575,0.05388554,2.353502416,3953.884059,0.53525,2.76525,0.899586646,24.01034775,40337.38422Whitmore,control,8,5,1993,0.42125,2.3755,0.557197906,17.71902079,29767.95493,0.0565,0.92225,0.010023665,2.670711496,4486.795313,0.508,3.27325,0.81032096,33.64247987,56519.36618Whitmore,control,8,5,1994,0.3875,2.763,0.471490625,23.97129066,40271.76831,0.06575,0.988,0.013574416,3.06509216,5149.354829,0.4915,3.76475,0.758536865,44.50429565,74767.21669Whitmore,control,8,5,1995,0.3605,3.1235,0.408075185,30.63463207,51466.18188,0.07275,1.06075,0.016618646,3.533098366,5935.605255,0.37975,4.1445,0.452819596,53.93540399,90611.4787Whitmore,control,8,5,1996,0.32325,3.44675,0.328100366,37.30346867,62669.82737,0.075,1.13575,0.0176625,4.050374116,6804.628515,0.23425,4.37875,0.172301416,60.20463791,101143.7917Whitmore,control,8,5,1997,0.1685,3.61525,0.089151665,41.03990225,68947.03578,0.10325,1.239,0.033474166,4.82027994,8098.070299,0.31825,4.697,0.318028816,69.27408026,116380.4548Whitmore,control,8,5,1998,0.2455,3.86075,0.189248585,46.80292637,78628.9163,0.105,1.344,0.0346185,5.67189504,9528.783667,0.42625,5.12325,0.570503656,82.41774837,138461.8173Whitmore,control,8,5,1999,0.35125,4.212,0.387402406,55.70656416,93587.02779,0.09225,1.43625,0.026721596,6.477236156,10881.75674,0.47775,5.601,0.716689496,98.50557114,165489.3595Whitmore,control,8,5,2000,0.3745,4.5865,0.440385785,66.05298427,110969.0136,0.076,1.51225,0.01813664,7.180866196,12063.85521,0.4715,6.0725,0.698060465,115.7883046,194524.3517Whitmore,control,8,5,2001,0.3665,4.953,0.421771865,77.03113626,129412.3089,0.09675,1.609,0.029392166,8.12908634,13656.86505,0.45125,6.52375,0.639387406,133.6362462,224508.8936Whitmore,control,8,5,2002,0.359,5.312,0.40468634,88.60246016,148852.1331,0.1075,1.7165,0.036286625,9.251608865,15542.70289,0.3785,6.90225,0.449843465,149.5929129,251316.0937Whitmore,control,8,5,2003,0.3025,5.6145,0.287329625,98.98099619,166288.0736,0.082,1.7985,0.02111336,10.15665107,17063.1738,0.3225,7.22475,0.326579625,163.8986194,275349.6806Whitmore,control,8,5,2004,0.22575,5.84025,0.160024016,107.100753,179929.265,0.08925,1.88775,0.025011866,11.1897042,18798.70306,0.3105,7.53525,0.302728185,178.2891766,299525.8167Whitmore,control,8,5,2005,0.203,6.04325,0.12939626,114.6755336,192654.8964,0,1.88775,0,11.1897042,18798.70306,0.31175,7.847,0.305170516,193.3467843,324822.5976Whitmore,control,8,5,2006,0.22975,6.273,0.165745096,123.5606611,207581.9106,0,0,0,0,0,0.31025,8.15725,0.302240896,208.9378845,351015.646Whitmore,control,8,5,2007,0.221,6.494,0.15336074,132.420193,222465.9242,0.05275,0.05275,0.008737246,0.008737246,14.67857328,0.221,8.37825,0.15336074,220.4125294,370293.0494Whitmore,control,8,9,1987,0.09175,0.09175,0.026432716,0.026432716,44.40696288,0.05825,0.17,0.010654216,0.090746,152.45328,0.122,0.122,0.04673576,0.04673576,78.5160768Whitmore,control,8,9,1988,0.2515,0.34325,0.198612065,0.369956566,621.5270309,0.05925,0.22925,0.011023166,0.165024466,277.2411029,0.30425,0.42625,0.290663716,0.570503656,958.4461421Whitmore,control,8,9,1989,0.2335,0.57675,0.171199865,1.044491366,1754.745495,0.07225,0.3015,0.016390996,0.285433065,479.5275492,0.2925,0.71875,0.268646625,1.622128906,2725.176562Whitmore,control,8,9,1990,0.2415,0.81825,0.183131865,2.102333816,3531.920811,0.06375,0.36525,0.012761156,0.418899746,703.7515733,0.29975,1.0185,0.282129196,3.257254665,5472.187837Whitmore,control,8,9,1991,0.31825,1.1365,0.318028816,4.055725265,6813.618445,0.12475,0.49,0.048866446,0.753914,1266.57552,0.3775,1.396,0.447469625,6.11928224,10280.39416Whitmore,control,8,9,1992,0.30625,1.44275,0.294497656,6.535996546,10980.4742,0.09475,0.58475,0.028189546,1.073668246,1803.762653,0.3785,1.7745,0.449843465,9.887389785,16610.81484Whitmore,control,8,9,1993,0.26175,1.7045,0.215131016,9.122705585,15326.14538,0.0505,0.63525,0.008007785,1.267123646,2128.767725,0.3255,2.1,0.332683785,13.8474,23263.632Whitmore,control,8,9,1994,0.334,2.0385,0.35028584,13.04821427,21920.99997,0.055,0.69025,0.0094985,1.496037496,2513.342993,0.45875,2.55875,0.660817906,20.55821291,34537.79769Whitmore,control,8,9,1995,0.369,2.4075,0.42754554,18.19961663,30575.35594,0.04225,0.7325,0.005605096,1.684786625,2830.44153,0.46375,3.0225,0.675301156,28.68548963,48191.62258Whitmore,control,8,9,1996,0.2075,2.615,0.135196625,21.4720265,36073.00452,0.0515,0.784,0.008328065,1.93001984,3242.433331,0.258,3.2805,0.20901096,33.79167599,56770.01566Whitmore,control,8,9,1997,0.157,2.772,0.07739786,24.12770976,40534.5524,0.06475,0.84875,0.013164646,2.261982406,3800.130442,0.212,3.4925,0.14112416,38.30032663,64344.54874Whitmore,control,8,9,1998,0.144,2.916,0.06511104,26.69959584,44855.32101,0.0615,0.91025,0.011876265,2.601662896,4370.793665,0.18625,3.67875,0.108923656,42.49425291,71390.34489Whitmore,control,8,9,1999,0.21525,3.13125,0.145484246,30.78684141,51721.89357,0.0605,0.97075,0.011493185,2.958996466,4971.114063,0.26675,3.9455,0.223428466,48.88028659,82118.88147Whitmore,control,8,9,2000,0.21375,3.345,0.143463656,35.1335385,59024.34468,0.048,1.01875,0.00723456,3.258853906,5474.874562,0.2785,4.224,0.243545465,56.02443264,94121.04684Whitmore,control,8,9,2001,0.25325,3.59825,0.201385666,40.65484562,68300.14064,0.04025,1.059,0.005086996,3.52145034,5916.036571,0.31475,4.53875,0.311072146,64.68478991,108670.447Whitmore,control,8,9,2002,0.22575,3.824,0.160024016,45.91614464,77139.123,0.0455,1.1045,0.006500585,3.830549585,6435.323303,0.28625,4.825,0.257288656,73.1011625,122809.953Whitmore,control,8,9,2003,0.1985,4.0225,0.123723065,50.80678963,85355.40658,0.02475,1.12925,0.001923446,4.004145466,6726.964383,0.2465,5.0715,0.190793465,80.76115247,135678.7361Whitmore,control,8,9,2004,0.1575,4.18,0.077891625,54.863336,92170.40448,0.062,1.19125,0.01207016,4.455900406,7485.912682,0.19775,5.26925,0.122789896,87.18208607,146465.9046Whitmore,control,8,9,2005,0.128,4.308,0.05144576,58.27483296,97901.71937,0,1.19125,0,4.455900406,7485.912682,0.1735,5.44275,0.094521065,93.01787655,156270.0326Whitmore,control,8,9,2006,0.137,4.445,0.05893466,62.0401985,104227.5335,,,,,,0.16175,5.6045,0.082152016,98.62871959,165696.2489Whitmore,control,8,9,2007,0.122,4.567,0.04673576,65.49251546,110027.426,,,,,,0.122,5.7265,0.04673576,102.9693991,172988.5905Whitmore,control,8,12,1987,0.2075,0.2075,0.135196625,0.135196625,227.13033,0.041,0.16975,0.00527834,0.090479296,152.0052173,0.21225,0.21225,0.141457196,0.141457196,237.6480893Whitmore,control,8,12,1988,0.14075,0.34825,0.062205166,0.380813116,639.7660349,0.0885,0.25825,0.024593265,0.209416216,351.8192429,0.262,0.47425,0.21554216,0.706227016,1186.461387Whitmore,control,8,12,1989,0.20475,0.553,0.131636846,0.96024026,1613.203637,0.099,0.35725,0.03077514,0.400750546,673.2609173,0.3255,0.79975,0.332683785,2.008344196,3374.018249Whitmore,control,8,12,1990,0.2845,0.8375,0.254152385,2.202415625,3700.05825,0.1285,0.48575,0.051848465,0.740892616,1244.699595,0.4945,1.29425,0.767824985,5.259760816,8836.398171Whitmore,control,8,12,1991,0.406,1.2435,0.51758504,4.855357665,8157.000877,0.16475,0.6505,0.085227646,1.328691785,2232.202199,0.4575,1.75175,0.657221625,9.635492116,16187.62675Whitmore,control,8,12,1992,0.3585,1.602,0.403559865,8.05850856,13538.29438,0.07175,0.72225,0.016164916,1.637965496,2751.782033,0.40025,2.152,0.503028196,14.54166656,24429.99982Whitmore,control,8,12,1993,0.27175,1.87375,0.231882916,11.02434866,18520.90575,0.122,0.84425,0.04673576,2.238060316,3759.941331,0.48625,2.63825,0.742418656,21.85554002,36717.30723Whitmore,control,8,12,1994,0.3215,2.19525,0.324557465,15.13204485,25421.83535,0.0585,0.90275,0.010745865,2.558966746,4299.064133,0.43225,3.0705,0.586677796,29.60382659,49734.42867Whitmore,control,8,12,1995,0.3605,2.55575,0.408075185,20.51003432,34456.85766,0.07425,0.977,0.017311016,2.99722106,5035.331381,0.38875,3.45925,0.474537406,37.57452917,63125.20901Whitmore,control,8,12,1996,0.26675,2.8225,0.223428466,25.01482963,42024.91378,0.059,1.036,0.01093034,3.37014944,5661.851059,0.24925,3.7085,0.195074266,43.18433287,72549.67922Whitmore,control,8,12,1997,0.19075,3.01325,0.114250666,28.51018127,47897.10453,0.071,1.107,0.01582874,3.84790986,6464.488565,0.27825,3.98675,0.243108416,49.90771127,83844.95493Whitmore,control,8,12,1998,0.204,3.21725,0.13067424,32.50119035,54601.99979,0.17175,1.27875,0.092623916,5.134532906,8626.015282,0.32525,4.312,0.332172946,58.38310016,98083.60827Whitmore,control,8,12,1999,0.26625,3.4835,0.222591656,38.10318487,64013.35058,0.0735,1.35225,0.016963065,5.741741396,9646.125545,0.296,4.608,0.27511424,66.67370496,112011.8243Whitmore,control,8,12,2000,0.225,3.7085,0.1589625,43.18433287,72549.67922,0.0905,1.44275,0.025717385,6.535996546,10980.4742,0.45325,5.06125,0.645067666,80.43502991,135130.8502Whitmore,control,8,12,2001,0.2815,3.99,0.248820665,49.989114,83981.71152,0.11025,1.553,0.038166896,7.57308026,12722.77484,0.37975,5.441,0.452819596,92.95807034,156169.5582Whitmore,control,8,12,2002,0.30625,4.29625,0.294497656,57.95737916,97368.39699,0.06375,1.61675,0.012761156,8.207584966,13788.74274,0.33725,5.77825,0.357135946,104.8388634,176129.2905Whitmore,control,8,12,2003,0.24675,4.543,0.191180666,64.80598586,108874.0562,0.0575,1.67425,0.010381625,8.801775016,14786.98203,0.3925,6.17075,0.483736625,119.5654085,200869.8863Whitmore,control,8,12,2004,0.28225,4.82525,0.250148296,73.10873795,122822.6798,0.09825,1.7725,0.030310616,9.865114625,16573.39257,0.262,6.43275,0.21554216,129.9340558,218289.2137Whitmore,control,8,12,2005,0.19825,5.0235,0.123411616,79.23963407,133122.5852,0,1.7725,0,9.865114625,16573.39257,0.26325,6.696,0.217603766,140.7863462,236521.0616Whitmore,control,8,12,2006,0.20575,5.22925,0.132925816,85.86347447,144250.6371,0,0,0,0,0,0.2825,6.9785,0.250591625,152.9163115,256899.4033Whitmore,control,8,12,2007,0.18425,5.4135,0.106596916,92.02078427,154594.9176,0.1025,0.1025,0.032989625,0.032989625,55.42257,0.18425,7.16275,0.106596916,161.0976609,270644.0703Whitmore,control,24,16,1987,0,0,0,0,0,0,0,0,0,0,0,0,0,0,0Whitmore,control,24,16,1988,0,0,0,0,0,0.08975,0.08975,0.025292896,0.025292896,42.49206528,0,0,0,0,0Whitmore,control,24,16,1989,0.3035,0.3035,0.289232465,0.289232465,485.9105412,0.15325,0.243,0.073744666,0.18541386,311.4952848,0,0,0,0,0Whitmore,control,24,16,1990,0.319,0.6225,0.31952954,1.216769625,2044.17297,0.194,0.437,0.11817704,0.59964266,1007.399669,0.39325,0.39325,0.485587066,0.485587066,815.7862709Whitmore,control,24,16,1991,0.237,0.8595,0.17637066,2.319644385,3897.002567,0.11475,0.55175,0.041346146,0.955904116,1605.918915,0.47225,0.8655,0.700282996,2.352143385,3951.600887Whitmore,control,24,16,1992,0.2395,1.099,0.180111185,3.79249514,6371.391835,0.08975,0.6415,0.025292896,1.292179865,2170.862173,0.431,1.2965,0.58328954,5.278064465,8867.148301Whitmore,control,24,16,1993,0.235,1.334,0.1734065,5.58780584,9387.513811,0.07775,0.71925,0.018981496,1.624386566,2728.969431,0.35425,1.65075,0.394048216,8.556423266,14374.79109Whitmore,control,24,16,1994,0.26225,1.59625,0.215953696,8.000764156,13441.28378,0.06125,0.7805,0.011779906,1.912825985,3213.547655,0.32475,1.9755,0.331152446,12.25416479,20586.99685Whitmore,control,24,16,1995,0.22625,1.8225,0.160733656,10.42952963,17521.60978,0.04275,0.82325,0.005738546,2.128105366,3575.217015,0.34,2.3155,0.362984,16.83523639,28283.19714Whitmore,control,24,16,1996,0.11925,1.94175,0.044652566,11.83903422,19889.57749,0.04575,0.869,0.006572216,2.37120554,3983.625307,0.2875,2.603,0.259540625,21.27541226,35742.6926Whitmore,control,24,16,1997,0.09975,2.0415,0.031243196,13.08664787,21985.56842,0.059,0.928,0.01093034,2.70411776,4542.917837,0.162,2.765,0.08240616,24.0060065,40330.09092Whitmore,control,24,16,1998,0.15475,2.19625,0.075195346,15.14583416,25445.00139,0.10725,1.03525,0.036118046,3.365271646,5653.656365,0.1455,2.9105,0.066474585,26.59897219,44686.27328Whitmore,control,24,16,1999,0.19825,2.3945,0.123411616,18.00359899,30246.0463,0.069,1.10425,0.01494954,3.828815716,6432.410403,0.21375,3.12425,0.143463656,30.64934552,51490.90047Whitmore,control,24,16,2000,0.19675,2.59125,0.121551166,21.08377041,35420.73429,0.07,1.17425,0.015386,4.329630016,7273.778427,0.3055,3.42975,0.293056985,36.9364011,62053.15385Whitmore,control,24,16,2001,0.1955,2.78675,0.120011585,24.38516327,40967.07429,0.06375,1.238,0.012761156,4.81250216,8085.003629,0.26575,3.6955,0.221756416,42.88210159,72041.93067Whitmore,control,24,16,2002,0.167,2.95375,0.08757146,27.39536666,46024.21599,0.0895,1.3275,0.025152185,5.533484625,9296.25417,0.2655,3.961,0.221339385,49.26509594,82765.36118Whitmore,control,24,16,2003,0.232,3.18575,0.16900736,31.86786962,53538.02096,0.10075,1.42825,0.031872766,6.405279916,10760.87026,0.23075,4.19175,0.167191066,55.17221172,92689.31569Whitmore,control,24,16,2004,0.145,3.33075,0.0660185,34.83483207,58522.51788,0.061,1.48925,0.01168394,6.964097866,11699.68441,0.3215,4.51325,0.324557465,63.95999627,107452.7937Whitmore,control,24,16,2005,0.18625,3.517,0.108923656,38.83956746,65250.47333,0.07525,1.5645,0.017780446,7.685653185,12911.89735,0.24575,4.759,0.189634216,71.11497434,119473.1569Whitmore,control,24,16,2006,0.171,3.688,0.09181674,42.70822016,71749.80987,0,1.5645,0,7.685653185,12911.89735,0.24725,5.00625,0.191956246,78.69637266,132209.9061Whitmore,control,24,16,2007,0.02875,3.71675,0.002595406,43.37668397,72872.82907,0,0,0,0,0,0.24625,5.2525,0.190406656,86.62869463,145536.207Whitmore,control,24,19,1987,0,0,0,0,0,0.02025,0.10725,0.001287596,0.036118046,60.67831728,0,0,0,0,0Whitmore,control,24,19,1988,0.0735,0.0735,0.016963065,0.016963065,28.4979492,0.0345,0.14175,0.003737385,0.063092216,105.9949229,0.087,0.087,0.02376666,0.02376666,39.9279888Whitmore,control,24,19,1989,0.113,0.1865,0.04009466,0.109216265,183.4833252,0.0245,0.16625,0.001884785,0.086786656,145.8015821,0.1605,0.2475,0.080887185,0.192344625,323.13897Whitmore,control,24,19,1990,0.11675,0.30325,0.042799966,0.288756166,485.1103589,0.028,0.19425,0.00246176,0.118481816,199.0494509,0.13325,0.38075,0.055752466,0.455207566,764.7487109Whitmore,control,24,19,1991,0.17275,0.476,0.093705646,0.71144864,1195.233715,0.0265,0.22075,0.002205065,0.153013966,257.0634629,0.15125,0.532,0.071832406,0.88869536,1493.008205Whitmore,control,24,19,1992,0.1015,0.5775,0.032349065,1.047209625,1759.31217,0.02725,0.248,0.002331646,0.19312256,324.4459008,0.19725,0.72925,0.122169746,1.669869466,2805.380703Whitmore,control,24,19,1993,0.1075,0.685,0.036286625,1.4733665,2475.25572,0.01425,0.26225,0.000637616,0.215953696,362.8022093,0.1295,0.85875,0.052658585,2.315597906,3890.204482Whitmore,control,24,19,1994,0.163,0.848,0.08342666,2.25798656,3793.417421,0.03125,0.2935,0.003066406,0.270486665,454.4175972,0.134,0.99275,0.05638184,3.094635046,5198.986877Whitmore,control,24,19,1995,0.1285,0.9765,0.051848465,2.994154065,5030.178829,0.01225,0.30575,0.000471196,0.293536816,493.1418509,0.19025,1.183,0.113652496,4.39439546,7382.584373Whitmore,control,24,19,1996,0.1105,1.087,0.038340185,3.71012666,6233.012789,0.0215,0.32725,0.001451465,0.336270646,564.9346853,0.14275,1.32575,0.063985546,5.518905016,9271.760427Whitmore,control,24,19,1997,0.03475,1.12175,0.003791746,3.951134416,6637.905819,0.019,0.34625,0.00113354,0.376451656,632.4387821,0.14175,1.4675,0.063092216,6.762166625,11360.43993Whitmore,control,24,19,1998,0.04825,1.17,0.007310116,4.298346,7221.22128,0.04,0.38625,0.005024,0.468453656,787.0021421,0.047,1.5145,0.00693626,7.202250185,12099.78031Whitmore,control,24,19,1999,0.054,1.224,0.00915624,4.70427264,7903.178035,0.04875,0.435,0.007462406,0.5941665,998.19972,0.06975,1.58425,0.015276296,7.880922916,13239.9505Whitmore,control,24,19,2000,0.05625,1.28025,0.009935156,5.146585796,8646.264137,0.04925,0.48425,0.007616266,0.736323916,1237.024179,0.073,1.65725,0.01673306,8.623939546,14488.21844Whitmore,control,24,19,2001,0.08425,1.3645,0.022287916,5.846241185,9821.685191,0.0425,0.52675,0.005671625,0.871241866,1463.686335,0.09625,1.7535,0.029089156,9.654753465,16219.98582Whitmore,control,24,19,2002,0.072,1.4365,0.01627776,6.479491265,10885.54533,0.032,0.55875,0.00321536,0.980312906,1646.925682,0.133,1.8865,0.05554346,11.17489027,18773.81565Whitmore,control,24,19,2003,0.07975,1.51625,0.019970596,7.218904156,12127.75898,0.04775,0.6065,0.007159396,1.155024665,1940.441437,0.12125,2.00775,0.046162906,12.6575286,21264.64805Whitmore,control,24,19,2004,0.06475,1.581,0.013164646,7.84862154,13185.68419,0.04425,0.65075,0.006148316,1.329713266,2233.918287,0.12225,2.13,0.046927496,14.245866,23933.05488Whitmore,control,24,19,2005,0.083,1.664,0.02163146,8.69433344,14606.48018,0.04375,0.6945,0.006010156,1.514516985,2544.388535,0.09675,2.22675,0.029392166,15.56942487,26156.63378Whitmore,control,24,19,2006,0.0825,1.7465,0.021371625,9.577823465,16090.74342,0,0.6945,0,1.514516985,2544.388535,0.13075,2.3575,0.053680066,17.45151163,29318.53954Whitmore,control,24,19,2007,0.08025,1.82675,0.020221796,10.47822887,17603.4245,0,0,0,0,0,0.12675,2.48425,0.050445866,19.37850392,32555.88659Whitmore,control,24,20,1987,0.187,0.187,0.10980266,0.10980266,184.4684688,0.02325,0.038,0.001697366,0.00453416,7.6173888,0,0,0,0,0Whitmore,control,24,20,1988,0.1585,0.3455,0.078883865,0.374822585,629.7019428,0.0765,0.1145,0.018376065,0.041166185,69.1591908,0.20175,0.20175,0.127807616,0.127807616,214.7167949Whitmore,control,24,20,1989,0.21975,0.56525,0.151630796,1.003253746,1685.466293,0.10325,0.21775,0.033474166,0.148883296,250.1239373,0.18175,0.3835,0.103723816,0.461806865,775.8355332Whitmore,control,24,20,1990,0.38375,0.949,0.462409156,2.82788714,4750.850395,0.10275,0.3205,0.033150746,0.322541585,541.8698628,0.29625,0.67975,0.275579156,1.450868596,2437.459241Whitmore,control,24,20,1991,0.27575,1.22475,0.238759516,4.710039446,7912.866269,0.1015,0.422,0.032349065,0.55918376,939.4287168,0.487,1.16675,0.74471066,4.274499466,7181.159103Whitmore,control,24,20,1992,0.26025,1.485,0.212672396,6.9244065,11633.00292,0.09925,0.52125,0.030930766,0.853142906,1433.280082,0.3785,1.54525,0.449843465,7.497684346,12596.1097Whitmore,control,24,20,1993,0.33425,1.81925,0.350810416,10.39236557,17459.17416,0.11275,0.634,0.039917446,1.26214184,2120.398291,0.36175,1.907,0.410910016,11.41907786,19184.0508Whitmore,control,24,20,1994,0.336,2.15525,0.35449344,14.58562205,24503.84504,0.088,0.722,0.02431616,1.63683176,2749.877357,0.4335,2.3405,0.590075865,17.20073239,28897.23042Whitmore,control,24,20,1995,0.3305,2.48575,0.342982985,19.40191262,32595.2132,0.03675,0.75875,0.004240766,1.807702906,3036.940882,0.44875,2.78925,0.632322406,24.42893487,41040.61058Whitmore,control,24,20,1996,0.1775,2.66325,0.098929625,22.27170777,37416.46905,0.06725,0.826,0.014200846,2.14234664,3599.142355,0.4185,3.20775,0.549946665,32.3095326,54280.01477Whitmore,control,24,20,1997,0.14,2.80325,0.061544,24.67478117,41453.63237,0.06,0.886,0.011304,2.46488744,4141.010899,0.21425,3.422,0.144135616,36.76966376,61773.03512Whitmore,control,24,20,1998,0.2965,3.09975,0.276044465,30.1705332,50686.49578,0.08025,0.96625,0.020221796,2.931626656,4925.132782,0.20725,3.62925,0.134871046,41.35837047,69482.06239Whitmore,control,24,20,1999,0.235,3.33475,0.1734065,34.91855075,58663.16526,0.074,1.04025,0.01719464,3.397856996,5708.399753,0.3565,3.98575,0.399069665,49.88267762,83802.8984Whitmore,control,24,20,2000,0.2805,3.61525,0.247055985,41.03990225,68947.03578,0.10325,1.1435,0.033474166,4.105839665,6897.810637,0.31525,4.301,0.312061246,58.08560714,97583.82Whitmore,control,24,20,2001,0.31525,3.9305,0.312061246,48.50932699,81495.66934,0.095,1.2385,0.0283385,4.816390265,8091.535645,0.3545,4.6555,0.394604585,68.05535599,114332.9981Whitmore,control,24,20,2002,0.335,4.2655,0.3523865,57.13069939,95979.57498,0.05825,1.29675,0.010654216,5.280100166,8870.568279,0.4185,5.074,0.549946665,80.84079464,135812.535Whitmore,control,24,20,2003,0.3395,4.605,0.361917185,66.5869185,111866.0231,0.08575,1.3825,0.023088616,6.001501625,10082.52273,0.43,5.504,0.580586,95.12321024,159806.9932Whitmore,control,24,20,2004,0.229,4.834,0.16466474,73.37412584,123268.5314,0.07475,1.45725,0.017544946,6.668033546,11202.29636,0.39775,5.90175,0.496763896,109.3682506,183738.661Whitmore,control,24,20,2005,0.27475,5.10875,0.237030946,81.95188541,137679.1675,0.07125,1.5285,0.015940406,7.336020465,12324.51438,0.31475,6.2165,0.311072146,121.3448989,203859.4302Whitmore,control,24,20,2006,0.2265,5.33525,0.161089065,89.37976265,150158.0013,0,1.5285,0,7.336020465,12324.51438,0.3495,6.566,0.383551785,135.3727978,227426.3003Whitmore,control,24,20,2007,0.0115,5.34675,0.000415265,89.76548967,150806.0226,0,0,0,0,0,0.29775,6.86375,0.278376896,147.9287412,248520.2852Whitmore,fertilizer,2,4,1987,0.1005,0.1005,0.031714785,0.031714785,53.2808388,0.0985,0.0985,0.030465065,0.030465065,51.1813092,0.0415,9.2405,0.005407865,268.1146784,450432.6597Whitmore,fertilizer,2,4,1988,0.124,0.2245,0.04828064,0.158256785,265.8713988,0.1095,0.208,0.037649385,0.13584896,228.2262528,0,0,0,0,0Whitmore,fertilizer,2,4,1989,0.135,0.3595,0.0572265,0.405814385,681.7681668,0.049,0.257,0.00753914,0.20739386,348.4216848,0.199,0.199,0.12434714,0.12434714,208.9031952Whitmore,fertilizer,2,4,1990,0.394,0.7535,0.48744104,1.782773465,2995.059421,0.0575,0.3145,0.010381625,0.310578185,521.7713508,0.233,0.432,0.17046746,0.58599936,984.4789248Whitmore,fertilizer,2,4,1991,0.2825,1.036,0.250591625,3.37014944,5661.851059,0.051,0.3655,0.00816714,0.419473385,704.7152868,0.184,0.616,0.10630784,1.19149184,2001.706291Whitmore,fertilizer,2,4,1992,0.293,1.329,0.26956586,5.54599674,9317.274523,0.0695,0.435,0.015166985,0.5941665,998.19972,0.4515,1.0675,0.640096065,3.578206625,6011.38713Whitmore,fertilizer,2,4,1993,0.2965,1.6255,0.276044465,8.296665785,13938.39852,0.0655,0.5005,0.013471385,0.786570785,1321.438919,0.3325,1.4,0.347146625,6.1544,10339.392Whitmore,fertilizer,2,4,1994,0.287,1.9125,0.25863866,11.48504063,19294.86826,0.046,0.5465,0.00664424,0.937799465,1575.503101,0.3625,1.7625,0.412615625,9.754115625,16386.91425Whitmore,fertilizer,2,4,1995,0.3325,2.245,0.347146625,15.8256785,26587.13988,0.093,0.6395,0.02715786,1.284135185,2157.347111,0.362,2.1245,0.41147816,14.17239079,23809.61653Whitmore,fertilizer,2,4,1996,0.2665,2.5115,0.223009865,19.80596527,33274.02165,0.061,0.7005,0.01168394,1.540798785,2588.541959,0.3325,2.457,0.347146625,18.95570586,31845.58584Whitmore,fertilizer,2,4,1997,0.295,2.8065,0.2732585,24.73202867,41549.80817,0.0715,0.772,0.016052465,1.87138976,3143.934797,0.425,2.882,0.5671625,26.08060136,43815.41028Whitmore,fertilizer,2,4,1998,0.3415,3.148,0.366193865,31.11709856,52276.72558,0.0775,0.8495,0.018859625,2.265981785,3806.849399,0.3275,3.2095,0.336784625,32.34479539,54339.25626Whitmore,fertilizer,2,4,1999,0.35,3.498,0.38465,38.42105256,64547.3683,0.0805,0.93,0.020347985,2.715786,4562.52048,0.3665,3.576,0.421771865,40.15361664,67458.07596Whitmore,fertilizer,2,4,2000,0.3785,3.8765,0.449843465,47.18557207,79271.76108,0.063,0.993,0.01246266,3.09619386,5201.605685,0.419,3.995,0.55126154,50.1144785,84192.32388Whitmore,fertilizer,2,4,2001,0.2735,4.15,0.234879065,54.07865,90852.132,0.034,1.027,0.00362984,3.31184906,5563.906421,0.4305,4.4255,0.581936985,61.49705779,103315.0571Whitmore,fertilizer,2,4,2002,0.3215,4.4715,0.324557465,62.78214047,105473.996,0.049,1.076,0.00753914,3.63541664,6107.499955,0.4415,4.867,0.612055865,74.37934346,124957.297Whitmore,fertilizer,2,4,2003,0.416,4.8875,0.54339584,75.00724063,126012.1643,0.0655,1.1415,0.013471385,4.091489865,6873.702973,0.3075,5.1745,0.296906625,84.07491379,141245.8552Whitmore,fertilizer,2,4,2003,0.393,5.2805,0.48496986,87.55475599,147091.9901,0.063,1.2045,0.01246266,4.555575585,7653.366983,0.37,5.5445,0.429866,96.52824799,162167.4566Whitmore,fertilizer,2,4,2004,0.3075,5.588,0.296906625,98.04883616,164722.0447,0.0215,1.226,0.001451465,4.71965864,7929.026515,0.47,6.0145,0.693626,113.5870202,190826.1939Whitmore,fertilizer,2,4,2005,0.314,5.902,0.30959144,109.3775166,183754.2279,0.0795,1.3055,0.019845585,5.351596985,8990.682935,0.37,6.3845,0.429866,127.9921784,215026.8597Whitmore,fertilizer,2,4,2006,0.242,6.144,0.18389096,118.531031,199132.1321,0,1.3055,0,5.351596985,8990.682935,0.3355,6.72,0.353439185,141.797376,238219.5917Whitmore,fertilizer,2,4,2007,0,6.144,0,118.531031,199132.1321,0,0,0,0,0,0.3215,7.0415,0.324557465,155.6897479,261558.7765Whitmore,fertilizer,2,12,1987,0,0,0,0,0,0,0,0,0,0,0.0585,13.2605,0.010745865,552.1403012,927595.706Whitmore,fertilizer,2,12,1988,0,0,0,0,0,0,0,0,0,0,0,0,0,0,0Whitmore,fertilizer,2,12,1989,0.5085,0.5085,0.811916865,0.811916865,1364.020333,0.18,0.18,0.101736,0.101736,170.91648,0,0,0,0,0Whitmore,fertilizer,2,12,1990,0.465,0.9735,0.6789465,2.975785065,4999.318909,0.075,0.255,0.0176625,0.2041785,343.01988,0,0,0,0,0Whitmore,fertilizer,2,12,1991,0.266,1.2395,0.22217384,4.824171185,8104.607591,0.1275,0.3825,0.051044625,0.459401625,771.79473,0.688,0.688,1.48630016,1.48630016,2496.984269Whitmore,fertilizer,2,12,1992,0.3645,1.604,0.417181185,8.07864224,13572.11896,0.105,0.4875,0.0346185,0.746240625,1253.68425,0.54,1.228,0.915624,4.73506976,7954.917197Whitmore,fertilizer,2,12,1993,0.462,2.066,0.67021416,13.40263784,22516.43157,0.0965,0.584,0.029240465,1.07091584,1799.138611,0.3935,1.6215,0.486204665,8.255883465,13869.88422Whitmore,fertilizer,2,12,1994,0.485,2.551,0.7386065,20.43386714,34328.8968,0.066,0.65,0.01367784,1.32665,2228.772,0.4695,2.091,0.692150985,13.72896234,23064.65673Whitmore,fertilizer,2,12,1995,0.5245,3.0755,0.863814785,29.70031879,49896.53557,0.095,0.745,0.0283385,1.7427785,2927.86788,0.5575,2.6485,0.975931625,22.02569407,37003.16604Whitmore,fertilizer,2,12,1996,0.3295,3.405,0.340910585,36.4052385,61160.80068,0.089,0.834,0.02487194,2.18404584,3669.197011,0.5505,3.199,0.951577785,32.13350714,53984.292Whitmore,fertilizer,2,12,1997,0.4155,3.8205,0.542090385,45.83213159,76997.98107,0.1185,0.9525,0.044092665,2.848784625,4785.95817,0.619,3.818,1.20312554,45.77216936,76897.24452Whitmore,fertilizer,2,12,1998,0.4595,4.28,0.662980385,57.519776,96633.22368,0.1275,1.08,0.051044625,3.662496,6152.99328,0.418,4.236,0.54863336,56.34320544,94656.58514Whitmore,fertilizer,2,12,1999,0.363,4.643,0.41375466,67.69038986,113719.855,0.161,1.241,0.08139194,4.83585434,8124.235291,0.5335,4.7695,0.893713865,71.42912899,120000.9367Whitmore,fertilizer,2,12,2000,0.3425,4.9855,0.368341625,78.04536019,131116.2051,0.1815,1.4225,0.103438665,6.353809625,10674.40017,0.587,5.3565,1.08194666,90.09316967,151356.525Whitmore,fertilizer,2,12,2001,0.324,5.3095,0.32962464,88.51908139,148712.0567,0.0605,1.483,0.011493185,6.90576746,11601.68933,0.523,5.8795,0.85888106,108.5451536,182355.858Whitmore,fertilizer,2,12,2002,0.344,5.6535,0.37157504,100.3608755,168606.2708,0.0915,1.5745,0.026288865,7.784217785,13077.48588,0.5235,6.403,0.860524065,128.7350043,216274.8072Whitmore,fertilizer,2,12,2003,0.4145,6.068,0.539484185,115.6167594,194236.1558,0.1145,1.689,0.041166185,8.95754394,15048.67382,0.384,6.787,0.46301184,144.6389787,242993.4842Whitmore,fertilizer,2,12,2004,0.318,6.386,0.31752936,128.0523274,215127.91,0.107,1.796,0.03594986,10.12843424,17015.76952,0.435,7.222,0.5941665,163.7738718,275140.1046Whitmore,fertilizer,2,12,2005,0.381,6.767,0.45580554,143.7877875,241563.483,0.073,1.869,0.01673306,10.96852554,18427.12291,0.529,7.751,0.87870074,188.6449231,316923.4708Whitmore,fertilizer,2,12,2006,0.253,7.02,0.20098826,154.740456,259963.9661,0.0945,1.9635,0.028040985,12.10574327,20337.64869,0.4245,8.1755,0.565828785,209.8738328,352588.0391Whitmore,fertilizer,2,12,2007,0,7.02,0,154.740456,259963.9661,0,1.9635,0,12.10574327,20337.64869,0.454,8.6295,0.64720424,233.8303686,392835.0192Whitmore,fertilizer,2,14,1987,0.1175,0.1175,0.043351625,0.043351625,72.83073,0.019,0.019,0.00113354,0.00113354,1.9043472,0,8.9765,0,253.0135141,425062.7037Whitmore,fertilizer,2,14,1988,0.16,0.2775,0.080384,0.241799625,406.22337,0.032,0.051,0.00321536,0.00816714,13.7207952,0,0,0,0,0Whitmore,fertilizer,2,14,1989,0.1525,0.43,0.073024625,0.580586,975.38448,0.04,0.091,0.005024,0.02600234,43.6839312,0.1365,0.1365,0.058505265,0.058505265,98.2888452Whitmore,fertilizer,2,14,1990,0.338,0.768,0.35872616,1.85204736,3111.439565,0.0385,0.1295,0.004654265,0.052658585,88.4664228,0.192,0.3285,0.11575296,0.338844465,569.2587012Whitmore,fertilizer,2,14,1991,0.267,1.035,0.22384746,3.3636465,5650.92612,0.0455,0.175,0.006500585,0.0961625,161.553,0.1925,0.521,0.116356625,0.85232474,1431.905563Whitmore,fertilizer,2,14,1992,0.289,1.324,0.26225594,5.50434464,9247.298995,0.0665,0.2415,0.013885865,0.183131865,307.6615332,0.3765,0.8975,0.445102065,2.529289625,4249.20657Whitmore,fertilizer,2,14,1993,0.34,1.664,0.362984,8.69433344,14606.48018,0.084,0.3255,0.02215584,0.332683785,558.9087588,0.312,1.2095,0.30566016,4.593475385,7717.038647Whitmore,fertilizer,2,14,1994,0.327,1.991,0.33575706,12.44721434,20911.32009,0.0795,0.405,0.019845585,0.5150385,865.26468,0.355,1.5645,0.3957185,7.685653185,12911.89735Whitmore,fertilizer,2,14,1995,0.3915,2.3825,0.481274865,17.82360163,29943.65074,0.1365,0.5415,0.058505265,0.920717865,1546.806013,0.4235,1.988,0.563166065,12.40973216,20848.35003Whitmore,fertilizer,2,14,1996,0.3785,2.761,0.449843465,23.93659994,40213.4879,0.1555,0.697,0.075925985,1.52544026,2562.739637,0.4065,2.3945,0.518860665,18.00359899,30246.0463Whitmore,fertilizer,2,14,1997,0.424,3.185,0.56449664,31.8528665,53512.81572,0.2,0.897,0.1256,2.52647226,4244.473397,0.5275,2.922,0.873724625,26.80958376,45040.10072Whitmore,fertilizer,2,14,1998,0.493,3.678,0.76317386,42.47692776,71361.23864,0.1435,1.0405,0.064659665,3.399490385,5711.143847,0.534,3.456,0.89538984,37.50395904,63006.65119Whitmore,fertilizer,2,14,1999,0.392,4.07,0.48250496,52.013786,87383.16048,0.276,1.3165,0.23919264,5.442160865,9142.830253,0.624,4.08,1.22264064,52.269696,87813.08928Whitmore,fertilizer,2,14,2000,0.42,4.49,0.553896,63.302714,106348.5595,0.175,1.4915,0.0961625,6.985156865,11735.06353,0.6365,4.7165,1.272115265,69.85046887,117348.7877Whitmore,fertilizer,2,14,2001,0.3825,4.8725,0.459401625,74.54754463,125239.875,0.0905,1.582,0.025717385,7.85855336,13202.36964,0.668,5.3845,1.40114336,91.03751839,152943.0309Whitmore,fertilizer,2,14,2002,0.4345,5.307,0.592801385,88.43574186,148572.0463,0.152,1.734,0.07254656,9.44121384,15861.23925,0.595,5.9795,1.1116385,112.2688796,188611.7177Whitmore,fertilizer,2,14,2003,0.496,5.803,0.77249024,105.7389003,177641.3525,0.1925,1.9265,0.116356625,11.65380307,19578.38916,0.4725,6.452,0.701024625,130.7128746,219597.6293Whitmore,fertilizer,2,14,2004,0.344,6.147,0.37157504,118.6468123,199326.6447,0.178,2.1045,0.09948776,13.90680959,23363.44011,0.5865,7.0385,1.080104265,155.5571143,261335.952Whitmore,fertilizer,2,14,2005,0.4225,6.5695,0.560509625,135.517157,227668.8238,0.102,2.2065,0.03266856,15.28753667,25683.06161,0.688,7.7265,1.48630016,187.4542391,314923.1217Whitmore,fertilizer,2,14,2006,0.304,6.8735,0.29018624,148.3493071,249226.8359,0.122,2.3285,0.04673576,17.02480447,28601.67151,0.522,8.2485,0.85559976,213.6385421,358912.7507Whitmore,fertilizer,2,14,2007,0.0415,6.915,0.005407865,150.1460865,252245.4253,0,2.3285,0,17.02480447,28601.67151,0.5245,8.773,0.863814785,241.6717611,406008.5586Whitmore,fertilizer,11,3,1987,0.302,0.302,0.28638056,0.28638056,481.1193408,0.088,0.088,0.02431616,0.02431616,40.8511488,0,0,0,0,0Whitmore,fertilizer,11,3,1988,0.3935,0.6955,0.486204665,1.518881585,2551.721063,0.06,0.148,0.011304,0.06877856,115.5479808,0.3895,0.3895,0.476370185,0.476370185,800.3019108Whitmore,fertilizer,11,3,1989,0.275,0.9705,0.2374625,2.957472585,4968.553943,0.054,0.202,0.00915624,0.12812456,215.2492608,0.453,0.8425,0.64435626,2.228791625,3744.36993Whitmore,fertilizer,11,3,1990,0.426,1.3965,0.56983464,6.123666465,10287.75966,0.0635,0.2655,0.012661265,0.221339385,371.8501668,0.329,1.1715,0.33987674,4.309374465,7239.749101Whitmore,fertilizer,11,3,1991,0.394,1.7905,0.48744104,10.06649539,16911.71226,0.1045,0.37,0.034289585,0.429866,722.17488,0.489,1.6605,0.75083994,8.657797185,14545.09927Whitmore,fertilizer,11,3,1992,0.467,2.2575,0.68479946,16.00240163,26884.03474,0.1575,0.5275,0.077891625,0.873724625,1467.85737,0.498,2.1585,0.77873256,14.62964387,24577.8017Whitmore,fertilizer,11,3,1993,0.6345,2.892,1.264133385,26.26190496,44120.00033,0.1555,0.683,0.075925985,1.46477546,2460.822773,0.6245,2.783,1.224600785,24.31957946,40856.89349Whitmore,fertilizer,11,3,1994,0.5885,3.4805,1.087483265,38.03758399,63903.1411,0.119,0.802,0.04446554,2.01966056,3393.029741,0.7895,3.5725,1.957194185,40.07505463,67326.09178Whitmore,fertilizer,11,3,1995,0.8535,4.334,2.287371465,58.98036584,99087.01461,0.179,0.981,0.10060874,3.02181354,5076.646747,0.7075,4.28,1.571746625,57.519776,96633.22368Whitmore,fertilizer,11,3,1996,0.588,4.922,1.08563616,76.06990376,127797.4383,0.2,1.181,0.1256,4.37954954,7357.643227,1.0325,5.3125,3.347416625,88.61914063,148880.1563Whitmore,fertilizer,11,3,1997,0.4845,5.4065,0.737084385,91.78296067,154195.3739,0.1535,1.3345,0.073985465,5.591995385,9394.552247,0.788,6.1005,1.94976416,116.8585548,196322.3721Whitmore,fertilizer,11,3,1998,0.5685,5.975,1.014823665,112.0999625,188327.937,0.1895,1.524,0.112758185,7.29288864,12252.05292,0.638,6.7385,1.27811816,142.5791803,239533.0229Whitmore,fertilizer,11,3,1999,0.458,6.433,0.65865896,129.9441555,218306.1812,0.2835,1.8075,0.252368865,10.25855663,17234.37514,0.7575,7.496,1.801751625,176.4366502,296413.5723Whitmore,fertilizer,11,3,2000,0.4655,6.8985,0.680407385,149.4304091,251043.0873,0.097,1.9045,0.02954426,11.38915759,19133.78475,0.7415,8.2375,1.726441865,213.0691156,357956.1142Whitmore,fertilizer,11,3,2001,0.286,7.1845,0.25683944,162.0775064,272290.2108,0.0875,1.992,0.024040625,12.45972096,20932.33121,0.5625,8.8,0.993515625,243.1616,408511.488Whitmore,fertilizer,11,3,2002,0.3175,7.502,0.316531625,176.7192126,296888.2772,0.1455,2.1375,0.066474585,14.34636563,24101.89426,0.373,9.173,0.43686506,264.2119371,443876.0543Whitmore,fertilizer,11,3,2003,0.5455,8.0475,0.934370585,203.3534846,341633.8541,0.235,2.3725,0.1734065,17.67429463,29692.81498,0.4625,9.6355,0.671665625,291.5265812,489764.6564Whitmore,fertilizer,11,3,2004,0.334,8.3815,0.35028584,220.5835627,370580.3853,0.1925,2.565,0.116356625,20.6587665,34706.72772,0.7805,10.416,1.912825985,340.6681958,572322.5689Whitmore,fertilizer,11,3,2005,0.3365,8.718,0.355549265,238.6510654,400933.7899,0.1325,2.6975,0.055126625,22.84822963,38385.02578,0.526,10.942,0.86876264,375.943923,631585.7906Whitmore,fertilizer,11,3,2006,0.298,9.016,0.27884456,255.2451238,428811.808,0.183,2.8805,0.10515546,26.05345999,43769.81278,0.4685,11.4105,0.689205665,408.8264622,686828.4565Whitmore,fertilizer,11,3,2007,0.0245,9.0405,0.001884785,256.6342104,431145.4735,0,2.8805,0,26.05345999,43769.81278,0.4805,11.891,0.724963985,443.9830663,745891.5514Whitmore,fertilizer,11,9,1987,0.0835,0.0835,0.021892865,0.021892865,36.7800132,0.1325,0.1325,0.055126625,0.055126625,92.61273,0,0,0,0,0Whitmore,fertilizer,11,9,1988,0.0755,0.159,0.017898785,0.07938234,133.3623312,0.0435,0.176,0.005941665,0.09726464,163.4045952,0.1955,0.1955,0.120011585,0.120011585,201.6194628Whitmore,fertilizer,11,9,1989,0.1785,0.3375,0.100047465,0.357665625,600.87825,0.0505,0.2265,0.008007785,0.161089065,270.6296292,0.1525,0.348,0.073024625,0.38026656,638.8478208Whitmore,fertilizer,11,9,1990,0.1415,0.479,0.062869865,0.72044474,1210.347163,0.0665,0.293,0.013885865,0.26956586,452.8706448,0.231,0.579,0.16755354,1.05265674,1768.463323Whitmore,fertilizer,11,9,1991,0.139,0.618,0.06066794,1.19924136,2014.725485,0.0645,0.3575,0.013063185,0.401311625,674.20353,0.1825,0.7615,0.104581625,1.820830265,3058.994845Whitmore,fertilizer,11,9,1992,0.1675,0.7855,0.088096625,1.937412185,3254.852471,0.1065,0.464,0.035614665,0.67602944,1135.729459,0.2175,0.979,0.148541625,3.00950474,5055.967963Whitmore,fertilizer,11,9,1993,0.1175,0.903,0.043351625,2.56038426,4301.445557,0.14,0.604,0.061544,1.14552224,1924.477363,0.261,1.24,0.21389994,4.828064,8111.14752Whitmore,fertilizer,11,9,1994,0.1705,1.0735,0.091280585,3.618543065,6079.152349,0.0825,0.6865,0.021371625,1.479826265,2486.108125,0.253,1.493,0.20098826,6.99921386,11758.67928Whitmore,fertilizer,11,9,1995,0.263,1.3365,0.21719066,5.608769265,9422.732365,0.061,0.7475,0.01168394,1.754494625,2947.55097,0.327,1.82,0.33575706,10.400936,17473.57248Whitmore,fertilizer,11,9,1996,0.293,1.6295,0.26956586,8.337548585,14007.08162,0.061,0.8085,0.01168394,2.052530865,3448.251853,0.3515,2.1715,0.387954065,14.80639447,24874.74271Whitmore,fertilizer,11,9,1997,0.1405,1.77,0.061984385,9.837306,16526.67408,0.0455,0.854,0.006500585,2.29005224,3847.287763,0.2855,2.457,0.255942185,18.95570586,31845.58584Whitmore,fertilizer,11,9,1998,0.19,1.96,0.113354,12.062624,20265.20832,0.0845,0.9385,0.022420385,2.765656265,4646.302525,0.2365,2.6935,0.175627265,22.78051867,38271.27137Whitmore,fertilizer,11,9,1999,0.255,2.215,0.2041785,15.4055465,25881.31812,0.081,1.0195,0.02060154,3.263653985,5482.938695,0.275,2.9685,0.2374625,27.66965567,46485.02153Whitmore,fertilizer,11,9,2000,0.165,2.38,0.0854865,17.786216,29880.84288,0.0555,1.075,0.009671985,3.6286625,6096.153,0.3105,3.279,0.302728185,33.76078074,56718.11164Whitmore,fertilizer,11,9,2001,0.151,2.531,0.07159514,20.11471754,33792.72547,0.0335,1.1085,0.003523865,3.858344865,6482.019373,0.2095,3.4885,0.137815385,38.21264527,64197.24405Whitmore,fertilizer,11,9,2002,0.101,2.632,0.03203114,21.75211136,36543.54708,0.0395,1.148,0.004899185,4.13821856,6952.207181,0.149,3.6375,0.06971114,41.54661563,69798.31426Whitmore,fertilizer,11,9,2003,0.199,2.831,0.12434714,25.16572154,42278.41219,0.0545,1.2025,0.009326585,4.540459625,7627.97217,0.192,3.8295,0.11575296,46.04832059,77361.17859Whitmore,fertilizer,11,9,2004,0.1415,2.9725,0.062869865,27.74427463,46610.38138,0.0415,1.244,0.005407865,4.85926304,8163.561907,0.2295,4.059,0.165384585,51.73301034,86911.45737Whitmore,fertilizer,11,9,2005,0.109,3.0815,0.03730634,29.81631667,50091.41201,0.027,1.271,0.00228906,5.07248474,8521.774363,0.1525,4.2115,0.073024625,55.69333927,93564.80997Whitmore,fertilizer,11,9,2006,0.041,3.1225,0.00527834,30.61501963,51433.23298,0.0305,1.3015,0.002920985,5.318853065,8935.673149,0.093,4.3045,0.02715786,58.18018159,97742.70507Whitmore,fertilizer,11,9,2007,0.0885,3.211,0.024593265,32.37503594,54390.06038,0,1.3015,0,5.318853065,8935.673149,0.1075,4.412,0.036286625,61.12243616,102685.6927Whitmore,fertilizer,11,13,1987,0.2635,0.2635,0.218017265,0.218017265,366.2690052,0.1175,0.1175,0.043351625,0.043351625,72.83073,0,0,0,0,0Whitmore,fertilizer,11,13,1988,0.3385,0.602,0.359788265,1.13794856,1911.753581,0.1165,0.234,0.042616865,0.17193384,288.8488512,0.381,0.381,0.45580554,0.45580554,765.7533072Whitmore,fertilizer,11,13,1989,0.218,0.82,0.14922536,2.111336,3547.04448,0.075,0.309,0.0176625,0.29981034,503.6813712,0.455,0.836,0.6500585,2.19453344,3686.816179Whitmore,fertilizer,11,13,1990,0.302,1.122,0.28638056,3.95289576,6640.864877,0.1525,0.4615,0.073024625,0.668764265,1123.523965,0.2925,1.1285,0.268646625,3.998828465,6718.031821Whitmore,fertilizer,11,13,1991,0.207,1.329,0.13454586,5.54599674,9317.274523,0.157,0.6185,0.07739786,1.201182665,2017.986877,0.4535,1.582,0.645779465,7.85855336,13202.36964Whitmore,fertilizer,11,13,1992,0.278,1.607,0.24267176,8.10888986,13622.93496,0.074,0.6925,0.01719464,1.505806625,2529.75513,0.364,1.946,0.41603744,11.89091624,19976.73928Whitmore,fertilizer,11,13,1993,0.5865,2.1935,1.080104265,15.10792867,25381.32017,0.2185,0.911,0.149910665,2.60595194,4377.999259,0.3515,2.2975,0.387954065,16.57450963,27845.17618Whitmore,fertilizer,11,13,1994,0.465,2.6585,0.6789465,22.19233387,37283.1209,0.123,1.034,0.04750506,3.35714984,5640.011731,0.805,3.1025,2.0347985,30.22408963,50776.47058Whitmore,fertilizer,11,13,1995,0.691,3.3495,1.49929034,35.22813179,59183.26141,0.2395,1.2735,0.180111185,5.092459065,8555.331229,0.588,3.6905,1.08563616,42.76614139,71847.11754Whitmore,fertilizer,11,13,1996,0.4055,3.755,0.516310985,44.2740785,74380.45188,0.2225,1.496,0.155449625,7.02737024,11805.982,0.9305,4.621,2.718706985,67.05043274,112644.727Whitmore,fertilizer,11,13,1997,0.379,4.134,0.45103274,53.66246184,90152.93589,0.2285,1.7245,0.163946465,9.338046785,15687.9186,0.628,5.249,1.23836576,86.51328314,145342.3157Whitmore,fertilizer,11,13,1998,0.374,4.508,0.43921064,63.81128096,107202.952,0.151,1.8755,0.07159514,11.04495079,18555.51733,0.607,5.856,1.15692986,107.679191,180901.0409Whitmore,fertilizer,11,13,1999,0.3335,4.8415,0.349237865,73.60198387,123651.3329,0.195,2.0705,0.1193985,13.46108659,22614.62547,0.525,6.381,0.8654625,127.8518855,214791.1676Whitmore,fertilizer,11,13,2000,0.321,5.1625,0.32354874,83.68541563,140591.4983,0.144,2.2145,0.06511104,15.39859219,25869.63488,0.5285,6.9095,0.877040465,149.9073374,251844.3268Whitmore,fertilizer,11,13,2001,0.26,5.4225,0.212264,92.32700963,155109.3762,0.081,2.2955,0.02060154,16.54566559,27796.71819,0.464,7.3735,0.67602944,170.7170971,286804.7231Whitmore,fertilizer,11,13,2002,0.2,5.6225,0.1256,99.26326963,166762.293,0.064,2.3595,0.01286144,17.48113439,29368.30578,0.3405,7.714,0.364052385,186.8481994,313904.975Whitmore,fertilizer,11,13,2003,0.259,5.8815,0.21063434,108.6190127,182479.9413,0.1465,2.506,0.067391465,19.71931304,33128.44591,0.263,7.977,0.21719066,199.8061411,335674.317Whitmore,fertilizer,11,13,2004,0.1285,6.01,0.051848465,113.417114,190540.7515,0.1325,2.6385,0.055126625,21.85968227,36724.26621,0.4055,8.3825,0.516310985,220.6362016,370668.8187Whitmore,fertilizer,11,13,2005,0.1665,6.1765,0.087047865,119.7883381,201244.408,0.0505,2.689,0.008007785,22.70446394,38143.49942,0.261,8.6435,0.21389994,234.5896897,394110.6787Whitmore,fertilizer,11,13,2006,0.1215,6.298,0.046353465,124.5474846,209239.7741,0.107,2.796,0.03594986,24.54731424,41239.48792,0.217,8.8605,0.14785946,246.5165652,414147.8295Whitmore,fertilizer,11,13,2007,0,6.298,0,124.5474846,209239.7741,0,2.796,0,24.54731424,41239.48792,0.228,9.0885,0.16322976,259.3666133,435735.9103Whitmore,fertilizer,14,11,1987,0.126,0.126,0.04985064,0.04985064,83.7490752,0.0515,0.0515,0.008328065,0.008328065,13.9911492,0,0,0,0,0Whitmore,fertilizer,14,11,1988,0.1065,0.2325,0.035614665,0.169736625,285.15753,0.052,0.1035,0.00849056,0.033636465,56.5092612,0.1775,0.1775,0.098929625,0.098929625,166.20177Whitmore,fertilizer,14,11,1989,0.137,0.3695,0.05893466,0.428704985,720.2243748,0.04,0.1435,0.005024,0.064659665,108.6282372,0.1585,0.336,0.078883865,0.35449344,595.5489792Whitmore,fertilizer,14,11,1990,0.1935,0.563,0.117568665,0.99528266,1672.074869,0.0375,0.181,0.004415625,0.10286954,172.8208272,0.177,0.513,0.09837306,0.82635066,1388.269109Whitmore,fertilizer,14,11,1991,0.214,0.777,0.14379944,1.89570906,3184.791221,0.075,0.256,0.0176625,0.20578304,345.7155072,0.231,0.744,0.16755354,1.73810304,2920.013107Whitmore,fertilizer,14,11,1992,0.2275,1.0045,0.162514625,3.168323585,5322.783623,0.072,0.328,0.01627776,0.33781376,567.5271168,0.2885,1.0325,0.261349265,3.347416625,5623.65993Whitmore,fertilizer,14,11,1993,0.2865,1.291,0.257738265,5.23337834,8792.075611,0.1435,0.4715,0.064659665,0.698060465,1172.741581,0.299,1.3315,0.28071914,5.566881665,9352.361197Whitmore,fertilizer,14,11,1994,0.3445,1.6355,0.372655985,8.399061185,14110.42279,0.079,0.5505,0.01959674,0.951577785,1598.650679,0.43,1.7615,0.580586,9.743050265,16368.32445Whitmore,fertilizer,14,11,1995,0.4025,2.038,0.508699625,13.04181416,21910.24779,0.1175,0.668,0.043351625,1.40114336,2353.920845,0.423,2.1845,0.56183706,14.98420639,25173.46674Whitmore,fertilizer,14,11,1996,0.2965,2.3345,0.276044465,17.11265539,28749.26106,0.097,0.765,0.02954426,1.8376065,3087.17892,0.52,2.7045,0.849056,22.96696559,38584.50219Whitmore,fertilizer,14,11,1997,0.2685,2.603,0.226369665,21.27541226,35742.6926,0.1095,0.8745,0.037649385,2.401315785,4034.210519,0.3935,3.098,0.486204665,30.13647656,50629.28062Whitmore,fertilizer,14,11,1998,0.3435,2.9465,0.370495665,27.26104747,45798.55975,0.13,1.0045,0.053066,3.168323585,5322.783623,0.3775,3.4755,0.447469625,37.92837479,63719.66965Whitmore,fertilizer,14,11,1999,0.2755,3.222,0.238326785,32.59723176,54763.34936,0.126,1.1305,0.04985064,4.013014985,6741.865175,0.4735,3.949,0.703995065,48.96704714,82264.6392Whitmore,fertilizer,14,11,2000,0.204,3.426,0.13067424,36.85567464,61917.5334,0.059,1.1895,0.01093034,4.442818185,7463.934551,0.4015,4.3505,0.506175065,59.43030979,99842.92045Whitmore,fertilizer,14,11,2001,0.1775,3.6035,0.098929625,40.77356647,68499.59167,0.0375,1.227,0.004415625,4.72736106,7941.966581,0.263,4.6135,0.21719066,66.83296027,112279.3733Whitmore,fertilizer,14,11,2002,0.2005,3.804,0.126228785,45.43710624,76334.33848,0.066,1.293,0.01367784,5.24960586,8819.337845,0.2145,4.828,0.144472185,73.19209376,122962.7175Whitmore,fertilizer,14,11,2003,0.203,4.007,0.12939626,50.41599386,84698.86968,0.0705,1.3635,0.015606585,5.837675265,9807.294445,0.2665,5.0945,0.223009865,81.49534099,136912.1729Whitmore,fertilizer,14,11,2004,0.136,4.143,0.05807744,53.89636986,90545.90136,0.066,1.4295,0.01367784,6.416496585,10779.71426,0.2735,5.368,0.234879065,90.48043136,152007.1247Whitmore,fertilizer,14,11,2005,0.157,4.3,0.07739786,58.0586,97538.448,0.0575,1.487,0.010381625,6.94307066,11664.35871,0.2015,5.5695,0.127491065,97.40069699,163633.1709Whitmore,fertilizer,14,11,2006,0.1085,4.4085,0.036964865,61.02549887,102522.8381,0.087,1.574,0.02376666,7.77927464,13069.1814,0.2145,5.784,0.144472185,105.0476198,176480.0013Whitmore,fertilizer,14,11,2007,0,4.4085,0,61.02549887,102522.8381,0,1.574,0,7.77927464,13069.1814,0.1955,5.9795,0.120011585,112.2688796,188611.7177Whitmore,fertilizer,14,15,1987,0.1895,0.1895,0.112758185,0.112758185,189.4337508,0.029,0.029,0.00264074,0.00264074,4.4364432,0,0,0,0,0Whitmore,fertilizer,14,15,1988,0.267,0.4565,0.22384746,0.654351665,1099.310797,0.109,0.138,0.03730634,0.05979816,100.4609088,0.2185,0.2185,0.149910665,0.149910665,251.8499172Whitmore,fertilizer,14,15,1989,0.1965,0.653,0.121242465,1.33892426,2249.392757,0.1405,0.2785,0.061984385,0.243545465,409.1563812,0.3755,0.594,0.442740785,1.10790504,1861.280467Whitmore,fertilizer,14,15,1990,0.377,1.03,0.44628506,3.331226,5596.45968,0.1225,0.401,0.047119625,0.50491514,848.2574352,0.337,0.931,0.35660666,2.72162954,4572.337627Whitmore,fertilizer,14,15,1991,0.304,1.334,0.29018624,5.58780584,9387.513811,0.146,0.547,0.06693224,0.93951626,1578.387317,0.499,1.43,0.78186314,6.420986,10787.25648Whitmore,fertilizer,14,15,1992,0.315,1.649,0.3115665,8.53829114,14344.32912,0.1315,0.6785,0.054297665,1.445537465,2428.502941,0.449,1.879,0.63302714,11.08621274,18624.8374Whitmore,fertilizer,14,15,1993,0.4655,2.1145,0.680407385,14.03928619,23586.0008,0.1135,0.792,0.040450265,1.96960896,3308.943053,0.4465,2.3255,0.625997465,16.98096379,28528.01917Whitmore,fertilizer,14,15,1994,0.505,2.6195,0.8007785,21.54598999,36197.26318,0.1155,0.9075,0.041888385,2.585966625,4344.42393,0.579,2.9045,1.05265674,26.48941759,44502.22155Whitmore,fertilizer,14,15,1995,0.6005,3.22,1.132284785,32.556776,54695.38368,0.15,1.0575,0.07065,3.511481625,5899.28913,0.62,3.5245,1.207016,39.00539479,65529.06325Whitmore,fertilizer,14,15,1996,0.368,3.588,0.42523136,40.42355616,67911.57435,0.1145,1.172,0.041166185,4.31305376,7245.930317,0.7505,4.275,1.768605785,57.3854625,96407.577Whitmore,fertilizer,14,15,1997,0.367,3.955,0.42292346,49.1159585,82514.81028,0.132,1.304,0.05471136,5.33930624,8970.034483,0.4815,4.7565,0.727984665,71.04027767,119347.6665Whitmore,fertilizer,14,15,1998,0.41,4.365,0.527834,59.8271265,100509.5725,0.197,1.501,0.12186026,7.07442314,11885.03088,0.499,5.2555,0.78186314,86.72767999,145702.5024Whitmore,fertilizer,14,15,1999,0.415,4.78,0.5407865,71.743976,120529.8797,0.2485,1.7495,0.193902065,9.610755785,16146.06972,0.607,5.8625,1.15692986,107.9183656,181302.8542Whitmore,fertilizer,14,15,2000,0.3925,5.1725,0.483736625,84.00993463,141136.6902,0.1655,1.915,0.086005385,11.5150865,19345.34532,0.6635,6.526,1.382329265,133.7284426,224663.7836Whitmore,fertilizer,14,15,2001,0.2465,5.419,0.190793465,92.20786154,154909.2074,0.0445,1.9595,0.006217985,12.05647039,20254.87026,0.5575,7.0835,0.975931625,157.5525529,264688.2889Whitmore,fertilizer,14,15,2002,0.267,5.686,0.22384746,101.5180714,170550.36,0.0735,2.033,0.016963065,12.97789946,21802.87109,0.2905,7.374,0.264985385,170.7402506,286843.621Whitmore,fertilizer,14,15,2003,0.2785,5.9645,0.243545465,111.7063172,187666.6129,0.124,2.157,0.04828064,14.60931786,24543.654,0.34,7.714,0.362984,186.8481994,313904.975Whitmore,fertilizer,14,15,2004,0.204,6.1685,0.13067424,119.4782317,200723.4293,0.085,2.242,0.0226865,15.78341096,26516.13041,0.4025,8.1165,0.508699625,206.8555769,347517.3692Whitmore,fertilizer,14,15,2005,0.203,6.3715,0.12939626,127.4714785,214152.0839,0.0455,2.2875,0.006500585,16.43054063,27603.30826,0.289,8.4055,0.26225594,221.848631,372705.7001Whitmore,fertilizer,14,15,2006,0.1515,6.523,0.072070065,133.6055211,224457.2754,0.0815,2.369,0.020856665,17.62218554,29605.27171,0.248,8.6535,0.19312256,235.1328155,395023.13Whitmore,fertilizer,14,15,2007,0,6.523,0,133.6055211,224457.2754,0,2.369,0,17.62218554,29605.27171,0.2325,8.886,0.169736625,247.9375274,416535.046Whitmore,fertilizer,14,20,1987,0.22,0.22,0.151976,0.151976,255.31968,0.176,0.176,0.09726464,0.09726464,163.4045952,0,0,0,0,0Whitmore,fertilizer,14,20,1988,0.3115,0.5315,0.304681265,0.887025665,1490.203117,0.0425,0.2185,0.005671625,0.149910665,251.8499172,0.3955,0.3955,0.491159585,0.491159585,825.1481028Whitmore,fertilizer,14,20,1989,0.23,0.7615,0.166106,1.820830265,3058.994845,0.0905,0.309,0.025717385,0.29981034,503.6813712,0.354,0.7495,0.39349224,1.763895785,2963.344919Whitmore,fertilizer,14,20,1990,0.4065,1.168,0.518860665,4.28366336,7196.554445,0.0785,0.3875,0.019349465,0.471490625,792.10425,0.3205,1.07,0.322541585,3.594986,6039.57648Whitmore,fertilizer,14,20,1991,0.3645,1.5325,0.417181185,7.374466625,12389.10393,0.1445,0.532,0.065563985,0.88869536,1493.008205,0.4845,1.5545,0.737084385,7.587716585,12747.36386Whitmore,fertilizer,14,20,1992,0.3745,1.907,0.440385785,11.41907786,19184.0508,0.1915,0.7235,0.115150865,1.643640065,2761.315309,0.5085,2.063,0.811916865,13.36374266,22451.08767Whitmore,fertilizer,14,20,1993,0.606,2.513,1.15312104,19.82963066,33313.77951,0.1585,0.882,0.078883865,2.44268136,4103.704685,0.566,2.629,1.00591784,21.70255274,36460.2886Whitmore,fertilizer,14,20,1994,0.6285,3.1415,1.240338465,30.98872987,52061.06618,0.2175,1.0995,0.148541625,3.795946785,6377.190599,0.7645,3.3935,1.835205185,36.15974467,60748.37105Whitmore,fertilizer,14,20,1995,0.6415,3.783,1.292179865,44.93681946,75493.85669,0.218,1.3175,0.14922536,5.450431625,9156.72513,0.8455,4.239,2.244692585,56.42303994,94790.7071Whitmore,fertilizer,14,20,1996,0.5885,4.3715,1.087483265,60.00543847,100809.1366,0.1825,1.5,0.104581625,7.065,11869.2,0.8595,5.0985,2.319644385,81.62336507,137127.2533Whitmore,fertilizer,14,20,1997,0.5205,4.892,0.850689585,75.14542496,126244.3139,0.163,1.663,0.08342666,8.68388666,14588.92959,0.771,5.8695,1.86654474,108.176235,181736.0748Whitmore,fertilizer,14,20,1998,0.575,5.467,1.0381625,93.84859946,157665.6471,0.1315,1.7945,0.054297665,10.11152299,16987.35862,0.6835,6.553,1.466920865,134.8372803,226526.6309Whitmore,fertilizer,14,20,1999,0.564,6.031,0.99882144,114.2110975,191874.6438,0.2105,2.005,0.139134185,12.6228785,21206.43588,0.7065,7.2595,1.567306665,165.4790684,278004.8349Whitmore,fertilizer,14,20,2000,0.4875,6.5185,0.746240625,133.4212447,224147.6911,0.17,2.175,0.090746,14.8541625,24954.993,0.774,8.0335,1.88109864,202.6465639,340446.2274Whitmore,fertilizer,14,20,2001,0.3305,6.849,0.342982985,147.2936351,247453.307,0.114,2.289,0.04080744,16.45209594,27639.52118,0.6575,8.691,1.357441625,237.1751303,398454.2189Whitmore,fertilizer,14,20,2002,0.377,7.226,0.44628506,163.9553386,275444.9688,0.0955,2.3845,0.028637585,17.85353839,29993.9445,0.4445,9.1355,0.620401985,262.0561112,440254.2668Whitmore,fertilizer,14,20,2003,0.4265,7.6525,0.571173065,183.8807746,308919.7013,0.144,2.5285,0.06511104,20.07500047,33726.00079,0.4725,9.608,0.701024625,289.864905,486973.0404Whitmore,fertilizer,14,20,2004,0.3265,7.979,0.334731065,199.9063447,335842.6591,0.1,2.6285,0.0314,21.69429847,36446.42143,0.5705,10.1785,1.021976585,325.3098475,546520.5438Whitmore,fertilizer,14,20,2005,0.3385,8.3175,0.359788265,217.2277316,364942.5891,0.0625,2.691,0.012265625,22.73825034,38200.26057,0.4265,10.605,0.571173065,353.1433185,593280.7751Whitmore,fertilizer,14,20,2006,0.2635,8.581,0.218017265,231.2093815,388431.7609,0.1445,2.8355,0.065563985,25.24578919,42412.92584,0.4005,11.0055,0.503656785,380.320035,638937.6588Whitmore,fertilizer,14,20,2007,0.022,8.603,0.00151976,232.3964523,390426.0399,0,2.8355,0,25.24578919,42412.92584,0.408,11.4135,0.52269696,409.0414643,687189.66Whitmore,herbicide,12,1,1987,0,0,0,0,0,0,0,0,0,0,0,0,0,0,0Whitmore,herbicide,12,1,1988,0,0,0,0,0,0,0,0,0,0,0,0,0,0,0Whitmore,herbicide,12,1,1989,0.406,0.406,0.51758504,0.51758504,869.5428672,0.2485,0.2485,0.193902065,0.193902065,325.7554692,0,0,0,0,0Whitmore,herbicide,12,1,1990,0.166,0.572,0.08652584,1.02735776,1725.961037,0.1485,0.397,0.069244065,0.49489226,831.4189968,0.6545,0.6545,1.345082585,1.345082585,2259.738743Whitmore,herbicide,12,1,1991,0.33,0.902,0.341946,2.55471656,4291.923821,0.092,0.489,0.02657696,0.75083994,1261.411099,0.314,0.9685,0.30959144,2.945295665,4948.096717Whitmore,herbicide,12,1,1992,0.3735,1.2755,0.438037065,5.108466785,8582.224199,0.136,0.625,0.05807744,1.2265625,2060.625,0.4215,1.39,0.557859465,6.066794,10192.21392Whitmore,herbicide,12,1,1993,0.3335,1.609,0.349237865,8.12908634,13656.86505,0.121,0.746,0.04597274,1.74746024,2935.733203,0.5095,1.8995,0.815113385,11.32943479,19033.45045Whitmore,herbicide,12,1,1994,0.5055,2.1145,0.802364985,14.03928619,23586.0008,0.2385,0.9845,0.178610265,3.043414385,5112.936167,0.4545,2.354,0.648630585,17.39973224,29231.55016Whitmore,herbicide,12,1,1995,0.4365,2.551,0.598271265,20.43386714,34328.8968,0.094,1.0785,0.02774504,3.652329465,6135.913501,0.7435,3.0975,1.735767665,30.12674963,50612.93938Whitmore,herbicide,12,1,1996,0.469,3.02,0.69067754,28.638056,48111.93408,0.231,1.3095,0.16755354,5.384441385,9045.861527,0.5305,3.628,0.883690985,41.32988576,69434.20808Whitmore,herbicide,12,1,1997,0.3565,3.3765,0.399069665,35.79836207,60141.24828,0.1265,1.436,0.050247065,6.47498144,10877.96882,0.7,4.328,1.5386,58.81717376,98812.85192Whitmore,herbicide,12,1,1998,0.29,3.6665,0.264074,42.21171787,70915.68602,0.084,1.52,0.02215584,7.254656,12187.82208,0.483,4.811,0.73252746,72.67756394,122098.3074Whitmore,herbicide,12,1,1999,0.229,3.8955,0.16466474,47.64924959,80050.73931,0.099,1.619,0.03077514,8.23044554,13827.14851,0.374,5.185,0.43921064,84.4164665,141819.6637Whitmore,herbicide,12,1,2000,0.185,4.0805,0.1074665,52.28250799,87834.61342,0.07,1.689,0.015386,8.95754394,15048.67382,0.328,5.513,0.33781376,95.43455066,160330.0451Whitmore,herbicide,12,1,2001,0.111,4.1915,0.03868794,55.16563087,92678.25986,0.0505,1.7395,0.008007785,9.501201185,15962.01799,0.255,5.768,0.2041785,104.4672474,175504.9756Whitmore,herbicide,12,1,2002,0.0985,4.29,0.030465065,57.788874,97085.30832,0.014,1.7535,0.00061544,9.654753465,16219.98582,0.161,5.929,0.08139194,110.3805487,185439.3218Whitmore,herbicide,12,1,2003,0.09,4.38,0.025434,60.239016,101201.5469,0.014,1.7675,0.00061544,9.809536625,16480.02153,0.112,6.041,0.03938816,114.5901583,192511.4659Whitmore,herbicide,12,1,2004,0.09,4.47,0.025434,62.740026,105403.2437,0.0265,1.794,0.002205065,10.10588904,16977.89359,0.104,6.145,0.03396224,118.5696185,199196.9591Whitmore,herbicide,12,1,2005,0.0725,4.5425,0.016504625,64.79172163,108850.0923,0.0195,1.8135,0.001193985,10.32677627,17348.98413,0.116,6.261,0.04225184,123.0883799,206788.4782Whitmore,herbicide,12,1,2006,0.052,4.5945,0.00849056,66.28361099,111356.4665,0.0145,1.828,0.000660185,10.49257376,17627.52392,0.0915,6.3525,0.026288865,126.7123646,212876.7725Whitmore,herbicide,12,1,2007,0.071,4.6655,0.01582874,68.34803539,114824.6995,0,1.828,0,10.49257376,17627.52392,0.0665,6.419,0.013885865,129.3791815,217357.0249Whitmore,herbicide,12,15,1987,0.241,0.241,0.18237434,0.18237434,306.3888912,0.309,0.309,0.29981034,0.29981034,503.6813712,0,0,0,0,0Whitmore,herbicide,12,15,1988,0.199,0.44,0.12434714,0.607904,1021.27872,0.213,0.522,0.14245866,0.85559976,1437.407597,0.313,0.313,0.30762266,0.30762266,516.8060688Whitmore,herbicide,12,15,1989,0.424,0.864,0.56449664,2.34399744,3937.915699,0.252,0.774,0.19940256,1.88109864,3160.245715,0.508,0.821,0.81032096,2.11648874,3555.701083Whitmore,herbicide,12,15,1990,0.51,1.374,0.816714,5.92793064,9958.923475,0.143,0.917,0.06420986,2.64039146,4435.857653,0.6365,1.4575,1.272115265,6.670321625,11206.14033Whitmore,herbicide,12,15,1991,0.7005,2.0745,1.540798785,13.51314779,22702.08829,0.227,1.144,0.16180106,4.10943104,6903.844147,0.762,2.2195,1.82322216,15.46820599,25986.58606Whitmore,herbicide,12,15,1992,0.599,2.6735,1.12663514,22.44347107,37705.0314,0.196,1.34,0.12062624,5.638184,9472.14912,0.8435,3.063,2.234085665,29.45938266,49491.76287Whitmore,herbicide,12,15,1993,0.4615,3.135,0.668764265,30.8606265,51845.85252,0.2175,1.5575,0.148541625,7.617031625,12796.61313,0.826,3.889,2.14234664,47.49036794,79783.81814Whitmore,herbicide,12,15,1994,0.566,3.701,1.00591784,43.00983914,72256.52976,0.155,1.7125,0.0754385,9.208540625,15470.34825,0.6575,4.5465,1.357441625,64.90587947,109041.8775Whitmore,herbicide,12,15,1995,0.509,4.21,0.81351434,55.653674,93498.17232,0.232,1.9445,0.16900736,11.87259199,19945.95454,0.7835,5.33,1.927558865,89.203946,149862.6293Whitmore,herbicide,12,15,1996,0.868,5.078,2.36575136,80.96830376,136026.7503,0.2475,2.192,0.192344625,15.08727296,25346.61857,0.7635,6.0935,1.830407265,116.5905307,195872.0916Whitmore,herbicide,12,15,1997,0.613,5.691,1.17991466,101.6966903,170850.4397,0.118,2.31,0.04372136,16.755354,28148.99472,1.1,7.1935,3.7994,162.4838287,272972.8322Whitmore,herbicide,12,15,1998,0.435,6.126,0.5941665,117.8375306,197967.0514,0.205,2.515,0.1319585,19.8612065,33366.82692,0.86,8.0535,2.322344,203.6568275,342143.4702Whitmore,herbicide,12,15,1999,0.429,6.555,0.57788874,134.9195985,226664.9255,0.1615,2.6765,0.081898265,22.49386807,37789.69836,0.553,8.6065,0.96024026,232.5855847,390743.7823Whitmore,herbicide,12,15,2000,0.3285,6.8835,0.338844465,148.7812769,249952.5452,0.1465,2.823,0.067391465,25.02369306,42039.80434,0.634,9.2405,1.26214184,268.1146784,450432.6597Whitmore,herbicide,12,15,2001,0.3095,7.193,0.300781385,162.4612419,272934.8864,0.0405,2.8635,0.005150385,25.74684527,43254.70005,0.4895,9.73,0.752376185,297.272906,499418.4821Whitmore,herbicide,12,15,2002,0.189,7.382,0.11216394,171.1109214,287466.348,0.0635,2.927,0.012661265,26.90141306,45194.37394,0.456,10.186,0.65291904,325.7894314,547326.2448Whitmore,herbicide,12,15,2003,0.259,7.641,0.21063434,183.3285263,307991.9242,0.0875,3.0145,0.024040625,28.53384019,47936.85152,0.2295,10.4155,0.165384585,340.6354904,572267.6239Whitmore,herbicide,12,15,2004,0.212,7.853,0.14112416,193.6425723,325319.5215,0.044,3.0585,0.00607904,29.37288587,49346.44826,0.3225,10.738,0.326579625,362.0565822,608255.0581Whitmore,herbicide,12,15,2005,0.17,8.023,0.090746,202.1171811,339556.8642,0.0665,3.125,0.013885865,30.6640625,51515.625,0.299,11.037,0.28071914,382.5002587,642600.4346Whitmore,herbicide,12,15,2006,0.16,8.183,0.080384,210.2590755,353235.2468,0.091,3.216,0.02600234,32.47593984,54559.57893,0.214,11.251,0.14379944,397.4769031,667761.1972Whitmore,herbicide,12,15,2007,0.197,8.38,0.12186026,220.504616,370447.7549,0,3.216,0,32.47593984,54559.57893,0.226,11.477,0.16037864,413.6056011,694857.4098Whitmore,herbicide,12,17,1987,0.1945,0.1945,0.118786985,0.118786985,199.5621348,0.1165,0.1165,0.042616865,0.042616865,71.5963332,0,0,0,0,0Whitmore,herbicide,12,17,1988,0.255,0.4495,0.2041785,0.634437785,1065.855479,0.0855,0.202,0.022954185,0.12812456,215.2492608,0.2915,0.2915,0.266812865,0.266812865,448.2456132Whitmore,herbicide,12,17,1989,0.313,0.7625,0.30762266,1.825615625,3067.03425,0.1275,0.3295,0.051044625,0.340910585,572.7297828,0.3715,0.663,0.433358465,1.38024666,2318.814389Whitmore,herbicide,12,17,1990,0.423,1.1855,0.56183706,4.412988185,7413.820151,0.097,0.4265,0.02954426,0.571173065,959.5707492,0.3985,1.0615,0.498639065,3.538096265,5944.001725Whitmore,herbicide,12,17,1991,0.587,1.7725,1.08194666,9.865114625,16573.39257,0.1275,0.554,0.051044625,0.96371624,1619.043283,0.5505,1.612,0.951577785,8.15942816,13707.83931Whitmore,herbicide,12,17,1992,0.5685,2.341,1.014823665,17.20808234,28909.57833,0.2,0.754,0.1256,1.78514024,2999.035603,0.6835,2.2955,1.466920865,16.54566559,27796.71819Whitmore,herbicide,12,17,1993,0.5035,2.8445,0.796028465,25.40630599,42682.59406,0.099,0.853,0.03077514,2.28469226,3838.282997,0.696,2.9915,1.52106624,28.10008687,47208.14594Whitmore,herbicide,12,17,1994,0.565,3.4095,1.0023665,36.50152739,61322.56602,0.101,0.954,0.03203114,2.85776424,4801.043923,0.703,3.6945,1.55181626,42.85889699,72002.94694Whitmore,herbicide,12,17,1995,0.43,3.8395,0.580586,46.28912719,77765.73368,0.152,1.106,0.07254656,3.84096104,6452.814547,0.6635,4.358,1.382329265,59.63539496,100187.4635Whitmore,herbicide,12,17,1996,0.5475,4.387,0.941234625,60.43171466,101525.2806,0.1005,1.2065,0.031714785,4.570716665,7678.803997,0.5305,4.8885,0.883690985,75.03793727,126063.7346Whitmore,herbicide,12,17,1997,0.3615,4.7485,0.410342265,70.80151207,118946.5403,0.1035,1.31,0.033636465,5.388554,9052.77072,0.699,5.5875,1.53420714,98.03129063,164692.5683Whitmore,herbicide,12,17,1998,0.383,5.1315,0.46060346,82.68339767,138908.1081,0.098,1.408,0.03015656,6.22493696,10457.89409,0.4615,6.049,0.668764265,114.8938591,193021.6833Whitmore,herbicide,12,17,1999,0.2655,5.397,0.221339385,91.46069226,153653.963,0.11,1.518,0.037994,7.23557736,12155.76996,0.4865,6.5355,0.743182265,134.1180672,225318.3529Whitmore,herbicide,12,17,2000,0.2535,5.6505,0.201783465,100.2543918,168427.3782,0.0555,1.5735,0.009671985,7.774333065,13060.87955,0.3635,6.899,0.414895265,149.4520711,251079.4794Whitmore,herbicide,12,17,2001,0.2055,5.856,0.132602985,107.679191,180901.0409,0.0395,1.613,0.004899185,8.16955466,13724.85183,0.3635,7.2625,0.414895265,165.6158656,278234.6542Whitmore,herbicide,12,17,2002,0.1735,6.0295,0.094521065,114.1542926,191779.2116,0.041,1.654,0.00527834,8.59014824,14431.44904,0.261,7.5235,0.21389994,177.7335841,298592.4213Whitmore,herbicide,12,17,2003,0.1785,6.208,0.100047465,121.013289,203302.3255,0.061,1.715,0.01168394,9.2354465,15515.55012,0.213,7.7365,0.14245866,187.9397773,315738.8259Whitmore,herbicide,12,17,2004,0.143,6.351,0.06420986,126.6525311,212776.2522,0.0495,1.7645,0.007693785,9.776265185,16424.12551,0.2195,7.956,0.151285985,198.755519,333909.2719Whitmore,herbicide,12,17,2005,0.13,6.481,0.053066,131.8905535,221576.1299,0.0535,1.818,0.008987465,10.37808936,17435.19012,0.203,8.159,0.12939626,209.0275423,351166.2711Whitmore,herbicide,12,17,2006,0.173,6.654,0.09397706,139.0257482,233563.257,0.061,1.879,0.01168394,11.08621274,18624.8374,0.1795,8.3385,0.101171585,218.3260283,366787.7275Whitmore,herbicide,12,17,2007,0.1855,6.8395,0.108048185,146.8853072,246767.3161,0,1.879,0,11.08621274,18624.8374,0.2265,8.565,0.161089065,230.3479665,386984.5837Whitmore,herbicide,15,7,1987,0.121,0.121,0.04597274,0.04597274,77.2342032,0.0945,0.0945,0.028040985,0.028040985,47.1088548,0,0,0,0,0Whitmore,herbicide,15,7,1988,0.3685,0.4895,0.426387665,0.752376185,1263.991991,0.115,0.2095,0.0415265,0.137815385,231.5298468,0.163,0.163,0.08342666,0.08342666,140.1567888Whitmore,herbicide,15,7,1989,0.3745,0.864,0.440385785,2.34399744,3937.915699,0.1555,0.365,0.075925985,0.4183265,702.78852,0.463,0.626,0.67311866,1.23049064,2067.224275Whitmore,herbicide,15,7,1990,0.6815,1.5455,1.458348665,7.500110585,12600.18578,0.113,0.478,0.04009466,0.71743976,1205.298797,0.489,1.115,0.75083994,3.9037265,6558.26052Whitmore,herbicide,15,7,1991,0.8175,2.363,2.098481625,17.53303466,29455.49823,0.1705,0.6485,0.091280585,1.320534065,2218.497229,0.837,1.952,2.19978666,11.96435456,20100.11566Whitmore,herbicide,15,7,1992,0.7785,3.1415,1.903035465,30.98872987,52061.06618,0.151,0.7995,0.07159514,2.007088785,3371.909159,0.9305,2.8825,2.718706985,26.08965163,43830.61474Whitmore,herbicide,15,7,1993,0.7105,3.852,1.585104185,46.59101856,78272.91118,0.18,0.9795,0.101736,3.012579585,5061.133703,0.9485,3.831,2.824908065,46.08440154,77421.79459Whitmore,herbicide,15,7,1994,0.723,4.575,1.64136906,65.7221625,110413.233,0.1315,1.111,0.054297665,3.87576794,6511.290139,0.8605,4.6915,2.325045185,69.11194087,116108.0607Whitmore,herbicide,15,7,1995,0.711,5.286,1.58733594,87.73723944,147398.5623,0.144,1.255,0.06511104,4.9455785,8308.57188,0.903,5.5945,2.56038426,98.27707099,165105.4793Whitmore,herbicide,15,7,1996,0.6275,5.9135,1.236394625,109.8041743,184471.0128,0.1415,1.3965,0.062869865,6.123666465,10287.75966,0.8425,6.437,2.228791625,130.1058027,218577.7485Whitmore,herbicide,15,7,1997,0.417,6.3305,0.54601146,125.836223,211404.8546,0.138,1.5345,0.05979816,7.393727385,12421.46201,0.7715,7.2085,1.868966465,163.1621629,274112.4337Whitmore,herbicide,15,7,1998,0.3605,6.691,0.408075185,140.5761703,236167.9661,0.1155,1.65,0.041888385,8.54865,14361.732,0.558,7.7665,0.97768296,189.4001599,318192.2686Whitmore,herbicide,15,7,1999,0.261,6.952,0.21389994,151.7571546,254952.0197,0.072,1.722,0.01627776,9.31099176,15642.46616,0.4985,8.265,0.780297065,214.4941065,360350.0989Whitmore,herbicide,15,7,2000,0.1675,7.1195,0.088096625,159.15806,267385.5408,0.0435,1.7655,0.005941665,9.787349385,16442.74697,0.3765,8.6415,0.445102065,234.4811399,393928.315Whitmore,herbicide,15,7,2001,0.165,7.2845,0.0854865,166.6207724,279922.8976,0.024,1.7895,0.00180864,10.05525419,16892.82704,0.239,8.8805,0.17935994,247.6307,416019.576Whitmore,herbicide,15,7,2002,0.1395,7.424,0.061105185,173.0635366,290746.7415,0.049,1.8385,0.00753914,10.61345827,17830.60989,0.208,9.0885,0.13584896,259.3666133,435735.9103Whitmore,herbicide,15,7,2003,0.126,7.55,0.04985064,178.98785,300699.588,0.0495,1.888,0.007693785,11.19266816,18803.68251,0.1635,9.252,0.083939265,268.7824426,451554.5036Whitmore,herbicide,15,7,2004,0.124,7.674,0.04828064,184.9154666,310657.9839,0.027,1.915,0.00228906,11.5150865,19345.34532,0.175,9.427,0.0961625,279.0465531,468798.2092Whitmore,herbicide,15,7,2005,0.1075,7.7815,0.036286625,190.1324707,319422.5508,0.035,1.95,0.0038465,11.93985,20058.948,0.173,9.6,0.09397706,289.3824,486162.432Whitmore,herbicide,15,7,2006,0.122,7.9035,0.04673576,196.1410805,329517.0152,0.035,1.985,0.0038465,12.3723065,20785.47492,0.134,9.734,0.05638184,297.5173738,499829.188Whitmore,herbicide,15,7,2007,0.0845,7.988,0.022420385,200.3575722,336600.7213,0,1.985,0,12.3723065,20785.47492,0.157,9.891,0.07739786,307.1921063,516082.7386Whitmore,herbicide,15,8,1987,0.445,0.445,0.6217985,0.6217985,1044.62148,0.148,0.148,0.06877856,0.06877856,115.5479808,0,0,0,0,0Whitmore,herbicide,15,8,1988,0.432,0.877,0.58599936,2.41506506,4057.309301,0.179,0.327,0.10060874,0.33575706,564.0718608,0.2785,0.2785,0.243545465,0.243545465,409.1563812Whitmore,herbicide,15,8,1989,0.818,1.695,2.10104936,9.0212985,15155.78148,0.1865,0.5135,0.109216265,0.827962265,1390.976605,0.627,0.9055,1.23442506,2.574580985,4325.296055Whitmore,herbicide,15,8,1990,1.0035,2.6985,3.162018465,22.86517307,38413.49076,0.1435,0.657,0.064659665,1.35537786,2277.034805,0.7795,1.685,1.907927585,8.9151665,14977.47972Whitmore,herbicide,15,8,1991,1.0265,3.725,3.308625065,43.5694625,73196.697,0.1435,0.8005,0.064659665,2.012112785,3380.349479,1.0435,2.7285,3.419121665,23.37639647,39272.34607Whitmore,herbicide,15,8,1992,0.7895,4.5145,1.957194185,63.99543019,107512.3227,0.1185,0.919,0.044092665,2.65192154,4455.228187,1.1425,3.871,4.098661625,47.05177274,79046.9782Whitmore,herbicide,15,8,1993,0.8475,5.362,2.255324625,90.27827816,151667.5073,0.124,1.043,0.04828064,3.41584586,5738.621045,1.127,4.998,3.98820506,78.43721256,131774.5171Whitmore,herbicide,15,8,1994,0.6145,5.9765,1.185696185,112.1562541,188422.5069,0.1045,1.1475,0.034289585,4.134614625,6946.15257,0.9495,5.9475,2.830867785,111.0704546,186598.3637Whitmore,herbicide,15,8,1995,0.6905,6.667,1.497121385,139.5695115,234476.7793,0.1415,1.289,0.062869865,5.21717594,8764.855579,0.816,6.7635,2.09078784,143.6390873,241313.6667Whitmore,herbicide,15,8,1996,0.5725,7.2395,1.029154625,164.5685312,276475.1324,0.115,1.404,0.0415265,6.18961824,10398.55864,0.7705,7.534,1.864124585,178.2300298,299426.4501Whitmore,herbicide,15,8,1997,0.616,7.8555,1.19149184,193.765884,325526.6851,0.078,1.482,0.01910376,6.89645736,11586.04836,0.758,8.292,1.80413096,215.897809,362708.3191Whitmore,herbicide,15,8,1998,0.429,8.2845,0.57788874,215.5074324,362052.4864,0.0955,1.5775,0.028637585,7.813909625,13127.36817,0.6195,8.9115,1.205069985,249.3625733,418929.1231Whitmore,herbicide,15,8,1999,0.33,8.6145,0.341946,233.0181762,391470.536,0.104,1.6815,0.03396224,8.878168665,14915.32336,0.6315,9.543,1.252207665,285.9561859,480406.3923Whitmore,herbicide,15,8,2000,0.2665,8.881,0.223009865,247.6585855,416066.4236,0.0565,1.738,0.010023665,9.48482216,15934.50123,0.5145,10.0575,0.831190185,317.6213816,533603.9211Whitmore,herbicide,15,8,2001,0.222,9.103,0.15475176,260.1948723,437127.3855,0.0545,1.7925,0.009326585,10.08899663,16949.51434,0.408,10.4655,0.52269696,343.9138074,577775.1964Whitmore,herbicide,15,8,2002,0.3095,9.4125,0.300781385,278.1887906,467357.1682,0.0545,1.847,0.009326585,10.71182426,17995.86476,0.2845,10.75,0.254152385,362.86625,609615.3Whitmore,herbicide,15,8,2003,0.204,9.6165,0.13067424,290.3780069,487835.0516,0.071,1.918,0.01582874,11.55119336,19406.00484,0.326,11.076,0.33370664,385.2082166,647149.8039Whitmore,herbicide,15,8,2004,0.1845,9.801,0.106886385,301.6271471,506733.6071,0.051,1.969,0.00816714,12.17365754,20451.74467,0.3175,11.3935,0.316531625,407.6091847,684783.4303Whitmore,herbicide,15,8,2005,0.2245,10.0255,0.158256785,315.6034418,530213.7822,0.0385,2.0075,0.004654265,12.65437663,21259.35274,0.239,11.6325,0.17935994,424.8892766,713813.9847Whitmore,herbicide,15,8,2006,0.1875,10.213,0.110390625,327.5188587,550231.6826,0.0355,2.043,0.003957185,13.10588586,22017.88824,0.253,11.8855,0.20098826,443.5724462,745201.7096Whitmore,herbicide,15,8,2007,0.0105,10.2235,0.000346185,328.1926501,551363.6522,0,2.043,0,13.10588586,22017.88824,0.231,12.1165,0.16755354,460.9820569,774449.8556Whitmore,herbicide,15,9,1987,0,0,0,0,0,0,0,0,0,0,0,0,0,0,0Whitmore,herbicide,15,9,1988,0,0,0,0,0,0,0,0,0,0,0,0,0,0,0Whitmore,herbicide,15,9,1989,0,0,0,0,0,0,0,0,0,0,0,0,0,0,0Whitmore,herbicide,15,9,1990,0,0,0,0,0,0,0,0,0,0,0,0,0,0,0Whitmore,herbicide,15,9,1991,0,0,0,0,0,0,0,0,0,0,0,0,0,0,0Whitmore,herbicide,15,9,1992,0,0,0,0,0,0,0,0,0,0,0,0,0,0,0Whitmore,herbicide,15,9,1993,0,0,0,0,0,0,0,0,0,0,0,0,0,0,0Whitmore,herbicide,15,9,1994,0.1025,0.1025,0.032989625,0.032989625,55.42257,0.02,0.02,0.001256,0.001256,2.11008,0,0,0,0,0Whitmore,herbicide,15,9,1995,0.257,0.3595,0.20739386,0.405814385,681.7681668,0.096,0.116,0.02893824,0.04225184,70.9830912,0.1225,0.1225,0.047119625,0.047119625,79.16097Whitmore,herbicide,15,9,1996,0.323,0.6825,0.32759306,1.462631625,2457.22113,0.1245,0.2405,0.048670785,0.181618385,305.1188868,0.353,0.4755,0.39127226,0.709954785,1192.724039Whitmore,herbicide,15,9,1997,0.3495,1.032,0.383551785,3.34417536,5618.214605,0.1125,0.353,0.039740625,0.39127226,657.3373968,0.4475,0.923,0.628804625,2.67505706,4494.095861Whitmore,herbicide,15,9,1998,0.3685,1.4005,0.426387665,6.158796785,10346.7786,0.087,0.44,0.02376666,0.607904,1021.27872,0.462,1.385,0.67021416,6.0232265,10119.02052Whitmore,herbicide,15,9,1999,0.286,1.6865,0.25683944,8.931046265,15004.15773,0.082,0.522,0.02111336,0.85559976,1437.407597,0.4555,1.8405,0.651487985,10.63656239,17869.42482Whitmore,herbicide,15,9,2000,0.2655,1.952,0.221339385,11.96435456,20100.11566,0.037,0.559,0.00429866,0.98119034,1648.399771,0.368,2.2085,0.42523136,15.31526287,25729.64162Whitmore,herbicide,15,9,2001,0.245,2.197,0.1884785,15.15618026,25462.38284,0.036,0.595,0.00406944,1.1116385,1867.55268,0.302,2.5105,0.28638056,19.79019619,33247.5296Whitmore,herbicide,15,9,2002,0.1785,2.3755,0.100047465,17.71902079,29767.95493,0.0425,0.6375,0.005671625,1.276115625,2143.87425,0.281,2.7915,0.24793754,24.46836287,41106.84962Whitmore,herbicide,15,9,2003,0.1305,2.506,0.053474985,19.71931304,33128.44591,0.0265,0.664,0.002205065,1.38441344,2325.814579,0.2205,3.012,0.152667585,28.48653216,47857.37403Whitmore,herbicide,15,9,2004,0.099,2.605,0.03077514,21.3081185,35797.63908,0.0325,0.6965,0.003316625,1.523252465,2559.064141,0.157,3.169,0.07739786,31.53364154,52976.51779Whitmore,herbicide,15,9,2005,0.057,2.662,0.01020186,22.25080616,37381.35435,0.0195,0.716,0.001193985,1.60973984,2704.362931,0.1315,3.3005,0.054297665,34.20496279,57464.33749Whitmore,herbicide,15,9,2006,0.0305,2.6925,0.002920985,22.76360663,38242.85914,0.014,0.73,0.00061544,1.673306,2811.15408,0.076,3.3765,0.01813664,35.79836207,60141.24828Whitmore,herbicide,15,9,2007,0.02,2.7125,0.001256,23.10304063,38813.10826,0,0.73,0,1.673306,2811.15408,0.0445,3.421,0.006217985,36.74817674,61736.93692Whitmore,herbicide,17,11,1987,0.4835,0.4835,0.734044865,0.734044865,1233.195373,0.0675,0.0675,0.014306625,0.014306625,24.03513,0,0,0,0,0Whitmore,herbicide,17,11,1988,0.3085,0.792,0.298840865,1.96960896,3308.943053,0.137,0.2045,0.05893466,0.131315585,220.6101828,0.5505,0.5505,0.951577785,0.951577785,1598.650679Whitmore,herbicide,17,11,1989,0.4855,1.2775,0.740130185,5.124499625,8609.15937,0.1255,0.33,0.049455785,0.341946,574.46928,0.4455,0.996,0.623196585,3.11493024,5233.082803Whitmore,herbicide,17,11,1990,0.5955,1.873,1.113507585,11.01552506,18506.0821,0.113,0.443,0.04009466,0.61622186,1035.252725,0.6105,1.6065,1.170310185,8.103844665,13614.45904Whitmore,herbicide,17,11,1991,0.505,2.378,0.8007785,17.75633576,29830.64408,0.2275,0.6705,0.162514625,1.411650585,2371.572983,0.7085,2.315,1.576192865,16.8279665,28270.98372Whitmore,herbicide,17,11,1992,0.4455,2.8235,0.623196585,25.03255807,42054.69756,0.2745,0.945,0.236599785,2.8040985,4710.88548,0.732,3.047,1.68248736,29.15241626,48976.05932Whitmore,herbicide,17,11,1993,0.595,3.4185,1.1116385,36.69448667,61646.73761,0.1925,1.1375,0.116356625,4.062865625,6825.61425,0.7195,3.7665,1.625515985,44.54567987,74836.74218Whitmore,herbicide,17,11,1994,0.5295,3.948,0.880362585,48.94225056,82222.98094,0.2295,1.367,0.165384585,5.86768346,9857.708213,0.787,4.5535,1.94481866,65.10589747,109377.9077Whitmore,herbicide,17,11,1995,0.55,4.498,0.94985,63.52849256,106727.8675,0.197,1.564,0.12186026,7.68074144,12903.64562,0.7585,5.312,1.806511865,88.60246016,148852.1331Whitmore,herbicide,17,11,1996,0.44,4.938,0.607904,76.56527016,128629.6539,0.164,1.728,0.08445344,9.37598976,15751.6628,0.747,6.059,1.75214826,115.2740503,193660.4045Whitmore,herbicide,17,11,1997,0.44,5.378,0.607904,90.81785576,152573.9977,0.2135,1.9415,0.143128265,11.83598587,19884.45626,0.6035,6.6625,1.143626465,139.3811656,234160.3582Whitmore,herbicide,17,11,1998,0.5345,5.9125,0.897067385,109.7670406,184408.6282,0.1645,2.106,0.084969185,13.92664104,23396.75695,0.653,7.3155,1.33892426,168.0419364,282310.4532Whitmore,herbicide,17,11,1999,0.3295,6.242,0.340910585,122.342451,205535.3177,0.343,2.449,0.36941786,18.83246714,31638.5448,0.6985,8.014,1.532013065,201.6639754,338795.4787Whitmore,herbicide,17,11,2000,0.377,6.619,0.44628506,137.5670455,231112.6364,0.1815,2.6305,0.103438665,21.72732499,36501.90598,0.6725,8.6865,1.420084625,236.9295863,398041.705Whitmore,herbicide,17,11,2001,0.2185,6.8375,0.149910665,146.7994156,246623.0182,0.092,2.7225,0.02657696,23.27369963,39099.81538,0.558,9.2445,0.97768296,268.34685,450822.708Whitmore,herbicide,17,11,2002,0.2555,7.093,0.204979985,157.9754379,265398.7357,0.072,2.7945,0.01627776,24.52098299,41195.25142,0.31,9.5545,0.301754,286.6457966,481564.9383Whitmore,herbicide,17,11,2003,0.3115,7.4045,0.304681265,172.1555876,289221.3872,0.0875,2.882,0.024040625,26.08060136,43815.41028,0.3275,9.882,0.336784625,306.6333214,515143.98Whitmore,herbicide,17,11,2004,0.2295,7.634,0.165384585,182.9927818,307427.8734,0.088,2.97,0.02431616,27.697626,46532.01168,0.399,10.281,0.49989114,331.8947375,557583.159Whitmore,herbicide,17,11,2005,0.28,7.914,0.246176,196.6625834,330393.1401,0.063,3.033,0.01246266,28.88513946,48527.03429,0.3175,10.5985,0.316531625,352.7105551,592553.7326Whitmore,herbicide,17,11,2006,0.182,8.096,0.10400936,205.8119782,345764.1234,0.0655,3.0985,0.013471385,30.14620507,50645.62452,0.3425,10.941,0.368341625,375.8752103,631470.3533Whitmore,herbicide,17,11,2007,0.022,8.118,0.00151976,206.9320414,347645.8296,0,3.0985,0,30.14620507,50645.62452,0.2475,11.1885,0.192344625,393.0731513,660362.8942Whitmore,herbicide,17,18,1987,0.157,0.157,0.07739786,0.07739786,130.0284048,0.081,0.081,0.02060154,0.02060154,34.6105872,0,0,0,0,0Whitmore,herbicide,17,18,1988,0.0955,0.2525,0.028637585,0.200194625,336.32697,0.0545,0.1355,0.009326585,0.057651185,96.8539908,0.2065,0.2065,0.133896665,0.133896665,224.9463972Whitmore,herbicide,17,18,1989,0.188,0.4405,0.11098016,0.609286385,1023.601127,0.107,0.2425,0.03594986,0.184651625,310.21473,0.176,0.3825,0.09726464,0.459401625,771.79473Whitmore,herbicide,17,18,1990,0.2915,0.732,0.266812865,1.68248736,2826.578765,0.0875,0.33,0.024040625,0.341946,574.46928,0.2425,0.625,0.184651625,1.2265625,2060.625Whitmore,herbicide,17,18,1991,0.4835,1.2155,0.734044865,4.639162385,7793.792807,0.171,0.501,0.09181674,0.78814314,1324.080475,0.3985,1.0235,0.498639065,3.289314065,5526.047629Whitmore,herbicide,17,18,1992,0.459,1.6745,0.66153834,8.804403785,14791.39836,0.161,0.662,0.08139194,1.37608616,2311.824749,0.571,1.5945,1.02376874,7.983230985,13411.82805Whitmore,herbicide,17,18,1993,0.514,2.1885,0.82957544,15.03913127,25265.74053,0.1375,0.7995,0.059365625,2.007088785,3371.909159,0.63,2.2245,1.246266,15.53797679,26103.80101Whitmore,herbicide,17,18,1994,0.5195,2.708,0.847423985,23.02644896,38684.43425,0.06,0.8595,0.011304,2.319644385,3897.002567,0.6745,2.899,1.428543785,26.38919114,44333.84112Whitmore,herbicide,17,18,1995,0.536,3.244,0.90210944,33.04390304,55513.75711,0.116,0.9755,0.04225184,2.988024785,5019.881639,0.656,3.555,1.35125504,39.6833985,66668.10948Whitmore,herbicide,17,18,1996,0.4315,3.6755,0.584643665,42.41920279,71264.26069,0.129,1.1045,0.05225274,3.830549585,6435.323303,0.5955,4.1505,1.113507585,54.09168179,90874.02541Whitmore,herbicide,17,18,1997,0.436,4.1115,0.59690144,53.07991727,89174.26101,0.128,1.2325,0.05144576,4.769836625,8013.32553,0.547,4.6975,0.93951626,69.28882963,116405.2338Whitmore,herbicide,17,18,1998,0.388,4.4995,0.47270816,63.57087079,106799.0629,0.121,1.3535,0.04597274,5.752361465,9663.967261,0.565,5.2625,1.0023665,86.95886563,146090.8943Whitmore,herbicide,17,18,1999,0.3535,4.853,0.392381465,73.95205226,124239.4478,0.1305,1.484,0.053474985,6.91508384,11617.34085,0.515,5.7775,0.8328065,104.8116496,176083.5713Whitmore,herbicide,17,18,2000,0.2855,5.1385,0.255942185,82.90913227,139287.3422,0.0825,1.5665,0.021371625,7.705315865,12944.93065,0.4745,6.252,0.706971785,122.7347626,206194.4012Whitmore,herbicide,17,18,2001,0.231,5.3695,0.16755354,90.53100499,152092.0884,0.0335,1.6,0.003523865,8.0384,13504.512,0.416,6.668,0.54339584,139.6113834,234547.1241Whitmore,herbicide,17,18,2002,0.178,5.5475,0.09948776,96.63273463,162342.9942,0.069,1.669,0.01494954,8.74666154,14694.39139,0.3135,6.9815,0.308606265,153.0478147,257120.3287Whitmore,herbicide,17,18,2003,0.178,5.7255,0.09948776,102.9334398,172928.1789,0.0595,1.7285,0.011116385,9.381416465,15760.77966,0.211,7.1925,0.13979594,162.4386566,272896.9431Whitmore,herbicide,17,18,2004,0.173,5.8985,0.09397706,109.2478291,183536.3529,0.0525,1.781,0.008654625,9.95995754,16732.72867,0.2465,7.439,0.190793465,173.7635839,291922.821Whitmore,herbicide,17,18,2005,0.1325,6.031,0.055126625,114.2110975,191874.6438,0.045,1.826,0.0063585,10.46962664,17588.97276,0.2325,7.6715,0.169736625,184.7950045,310455.6076Whitmore,herbicide,17,18,2006,0.1665,6.1975,0.087047865,120.6042796,202615.1897,0.0725,1.8985,0.016504625,11.31750907,19013.41524,0.1845,7.856,0.106886385,193.790551,325568.1257Whitmore,herbicide,17,18,2007,0.1435,6.341,0.064659665,126.2540023,212106.7239,0,1.8985,0,11.31750907,19013.41524,0.2115,8.0675,0.140459265,204.3655066,343334.0511Whitmore,herbicide,17,20,1987,0.5505,0.5505,0.951577785,0.951577785,1598.650679,0,0,0,0,0,0,0,0,0,0Whitmore,herbicide,17,20,1988,0.309,0.8595,0.29981034,2.319644385,3897.002567,0,0,0,0,0,0,0,0,0,0Whitmore,herbicide,17,20,1989,0.224,1.0835,0.15755264,3.686272865,6192.938413,0,0,0,0,0,0,0,0,0,0Whitmore,herbicide,17,20,1990,0.2985,1.382,0.279781065,5.99716136,10075.23108,0.0625,0.0625,0.012265625,0.012265625,20.60625,0,0,0,0,0Whitmore,herbicide,17,20,1991,0.2925,1.6745,0.268646625,8.804403785,14791.39836,0.061,0.1235,0.01168394,0.047892065,80.4586692,0.6125,0.6125,1.177990625,1.177990625,1979.02425Whitmore,herbicide,17,20,1992,0.332,2.0065,0.34610336,12.64177267,21238.17809,0.114,0.2375,0.04080744,0.177115625,297.55425,0.3695,0.982,0.428704985,3.02797736,5087.001965Whitmore,herbicide,17,20,1993,0.1995,2.206,0.124972785,15.28060904,25671.42319,0.1115,0.349,0.039037265,0.38245514,642.5246352,0.338,1.32,0.35872616,5.471136,9191.50848Whitmore,herbicide,17,20,1994,0.2195,2.4255,0.151285985,18.47277779,31034.26669,0.0315,0.3805,0.003115665,0.454609985,763.7447748,0.41,1.73,0.527834,9.397706,15788.14608Whitmore,herbicide,17,20,1995,0.21,2.6355,0.138474,21.81000119,36640.802,0.0985,0.479,0.030465065,0.72044474,1210.347163,0.324,2.054,0.32962464,13.24739624,22255.62568Whitmore,herbicide,17,20,1996,0.132,2.7675,0.05471136,24.04943663,40403.05354,0.1075,0.5865,0.036286625,1.080104265,1814.575165,0.43,2.484,0.580586,19.37460384,32549.33445Whitmore,herbicide,17,20,1997,0.1135,2.881,0.040450265,26.06250554,43785.00931,0.087,0.6735,0.02376666,1.424311065,2392.842589,0.307,2.791,0.29594186,24.45959834,41092.12521Whitmore,herbicide,17,20,1998,0.0795,2.9605,0.019845585,27.52071919,46234.80824,0.0665,0.74,0.013885865,1.719464,2888.69952,0.306,3.097,0.29401704,30.11702426,50596.60076Whitmore,herbicide,17,20,1999,0.041,3.0015,0.00527834,28.28826707,47524.28868,0.075,0.815,0.0176625,2.0856665,3503.91972,0.276,3.373,0.23919264,35.72418506,60016.6309Whitmore,herbicide,17,20,2000,0.0605,3.062,0.011493185,29.44015016,49459.45227,0.058,0.873,0.01056296,2.39308506,4020.382901,0.173,3.546,0.09397706,39.48272424,66330.97672Whitmore,herbicide,17,20,2001,0.0305,3.0925,0.002920985,30.02956663,50449.67194,0.0155,0.8885,0.000754385,2.478817265,4164.413005,0.241,3.787,0.18237434,45.03189866,75653.58975Whitmore,herbicide,17,20,2002,0.0255,3.118,0.002041785,30.52684136,51285.09348,0.0275,0.916,0.002374625,2.63463584,4426.188211,0.1715,3.9585,0.092354465,49.20292787,82660.91882Whitmore,herbicide,17,20,2003,0.0155,3.1335,0.000754385,30.83110187,51796.25114,0.045,0.961,0.0063585,2.89985594,4871.757979,0.0945,4.053,0.028040985,51.58018026,86654.70284Whitmore,herbicide,17,20,2004,0.016,3.1495,0.00080384,31.14675979,52326.55645,0.0195,0.9805,0.001193985,3.018733985,5071.473095,0.0675,4.1205,0.014306625,53.31255359,89565.09003Whitmore,herbicide,17,20,2005,0.3385,3.488,0.359788265,38.20169216,64178.84283,0.0215,1.002,0.001451465,3.15257256,5296.321901,0.105,4.2255,0.0346185,56.06422979,94187.90605Whitmore,herbicide,17,20,2006,0.2635,3.7515,0.218017265,44.19158207,74241.85788,0.011,1.013,0.00037994,3.22217066,5413.246709,0.0495,4.275,0.007693785,57.3854625,96407.577Whitmore,herbicide,17,20,2007,0,3.7515,0,44.19158207,74241.85788,0,1.013,0,3.22217066,5413.246709,0.047,4.322,0.00693626,58.65420776,98539.06904Whitmore,HF,1,3,1987,0.0525,0.0525,0.008654625,0.008654625,14.53977,0.2235,0.2235,0.156850065,0.156850065,263.5081092,0,0,0,0,0Whitmore,HF,1,3,1988,0.2015,0.254,0.127491065,0.20258024,340.3348032,0.2255,0.449,0.159669785,0.63302714,1063.485595,0.8865,0.8865,2.467670265,2.467670265,4145.686045Whitmore,HF,1,3,1989,0.2655,0.5195,0.221339385,0.847423985,1423.672295,0.335,0.784,0.3523865,1.93001984,3242.433331,0.785,1.6715,1.9349465,8.772884465,14738.4459Whitmore,HF,1,3,1990,0.4735,0.993,0.703995065,3.09619386,5201.605685,0.4105,1.1945,0.529122185,4.480246985,7526.814935,0.7765,2.448,1.893270065,18.81709056,31612.71214Whitmore,HF,1,3,1991,0.408,1.401,0.52269696,6.16319514,10354.16784,0.396,1.5905,0.49240224,7.943227385,13344.62201,0.89,3.338,2.487194,34.98664616,58777.56555Whitmore,HF,1,3,1992,0.417,1.818,0.54601146,10.37808936,17435.19012,0.342,1.9325,0.36726696,11.72650663,19700.53114,0.8865,4.2245,2.467670265,56.03769679,94143.33061Whitmore,HF,1,3,1993,0.4415,2.2595,0.612055865,16.03076839,26931.6909,0.5055,2.438,0.802364985,18.66367016,31354.96587,0.785,5.0095,1.9349465,78.79858339,132381.6201Whitmore,HF,1,3,1994,0.529,2.7885,0.87870074,24.41579927,41018.54277,0.2935,2.7315,0.270486665,23.42782967,39358.75385,0.7765,5.786,1.893270065,105.1202794,176602.0694Whitmore,HF,1,3,1995,0.3775,3.166,0.447469625,31.47396584,52876.26261,0.3835,3.115,0.461806865,30.4681265,51186.45252,0.914,6.7,2.62314344,140.9546,236803.728Whitmore,HF,1,3,1996,0.504,3.67,0.79761024,42.292346,71051.14128,0.118,3.233,0.04372136,32.82018746,55137.91493,0.7195,7.4195,1.625515985,172.853798,290394.3806Whitmore,HF,1,3,1997,0.545,4.215,0.9326585,55.7859465,93720.39012,0.1445,3.3775,0.065563985,35.81956963,60176.87698,0.6295,8.049,1.244288585,203.4292991,341761.2225Whitmore,HF,1,3,1998,0.4145,4.6295,0.539484185,67.29732859,113059.512,0.1505,3.528,0.071121785,39.08290176,65659.27496,0.6435,8.6925,1.300249665,237.2570066,398591.7711Whitmore,HF,1,3,1999,0.4075,5.037,0.521416625,79.66609866,133839.0457,0.174,3.702,0.09506664,43.03308456,72295.58206,0.5915,9.284,1.098598865,270.6449398,454683.4989Whitmore,HF,1,3,2000,0.4575,5.4945,0.657221625,94.79512499,159255.81,0.164,3.866,0.08445344,46.93030184,78842.90709,0.566,9.85,1.00591784,304.65065,511813.092Whitmore,HF,1,3,2001,0.3255,5.82,0.332683785,106.359336,178683.6845,0.071,3.937,0.01582874,48.66990266,81765.43647,0.621,10.471,1.21091274,344.2753807,578382.6396Whitmore,HF,1,3,2002,0.3515,6.1715,0.387954065,119.5944745,200918.7172,0.165,4.102,0.0854865,52.83490856,88762.64638,0.4585,10.9295,0.660097865,375.0854666,630143.5839Whitmore,HF,1,3,2003,0.3705,6.542,0.431028585,134.384979,225766.7647,0.2235,4.3255,0.156850065,58.74924379,98698.72957,0.4705,11.4,0.695102585,408.0744,685564.992Whitmore,HF,1,3,2004,0.3345,6.8765,0.351335385,148.4788321,249444.4379,0.17,4.4955,0.090746,63.45789359,106609.2612,0.5855,11.9855,1.076424185,451.0679402,757794.1395Whitmore,HF,1,3,2005,0.2935,7.17,0.270486665,161.423946,271192.2293,0.108,4.6035,0.03662496,66.54354647,111793.1581,0.508,12.4935,0.81032096,490.1148827,823393.0029Whitmore,HF,1,3,2006,0.282,7.452,0.24970536,174.3714346,292944.0101,0.096,4.6995,0.02893824,69.34784279,116504.3759,0.4325,12.926,0.587356625,524.6358346,881388.2021Whitmore,HF,1,3,2007,0.1575,7.6095,0.077891625,181.8200994,305457.767,0,4.6995,0,69.34784279,116504.3759,0.3755,13.3015,0.442740785,555.5598931,933340.6204Whitmore,HF,1,6,1987,0.177,0.177,0.09837306,0.09837306,165.2667408,0.014,0.014,0.00061544,0.00061544,1.0339392,0,0,0,0,0Whitmore,HF,1,6,1988,0.2855,0.4625,0.255942185,0.671665625,1128.39825,0.103,0.117,0.03331226,0.04298346,72.2122128,0.84,0.84,2.215584,2.215584,3722.18112Whitmore,HF,1,6,1989,0.4135,0.876,0.536884265,2.40956064,4048.061875,0.214,0.331,0.14379944,0.34402154,577.9561872,0.7365,1.5765,1.703237265,7.804006065,13110.73019Whitmore,HF,1,6,1990,0.6885,1.5645,1.488461265,7.685653185,12911.89735,0.152,0.483,0.07254656,0.73252746,1230.646133,0.6605,2.237,1.369857185,15.71309066,26397.99231Whitmore,HF,1,6,1991,0.626,2.1905,1.23049064,15.06663139,25311.94074,0.111,0.594,0.03868794,1.10790504,1861.280467,0.907,3.144,2.58311786,31.03807104,52143.95935Whitmore,HF,1,6,1992,0.5575,2.748,0.975931625,23.71172256,39835.6939,0.1035,0.6975,0.033636465,1.527629625,2566.41777,0.84,3.984,2.215584,49.83888384,83729.32485Whitmore,HF,1,6,1993,0.734,3.482,1.69169384,38.07037736,63958.23396,0.173,0.8705,0.09397706,2.379398585,3997.389623,0.7365,4.7205,1.703237265,69.96899759,117547.916Whitmore,HF,1,6,1994,0.5255,4.0075,0.867111785,50.42857663,84720.00874,0.0765,0.947,0.018376065,2.81598026,4730.846837,0.6605,5.381,1.369857185,90.91920554,152744.2653Whitmore,HF,1,6,1995,0.6195,4.627,1.205069985,67.22466506,112937.4373,0.1435,1.0905,0.064659665,3.734057385,6273.216407,0.602,5.983,1.13794856,112.4003475,188832.5838Whitmore,HF,1,6,1996,0.427,5.054,0.57251306,80.20475624,134743.9905,0.1395,1.23,0.061105185,4.750506,7980.85008,0.7625,6.7455,1.825615625,142.8755586,240030.9384Whitmore,HF,1,6,1997,0.3355,5.3895,0.353439185,91.20667019,153227.2059,0.0855,1.3155,0.022954185,5.433896385,9128.945927,0.5655,7.311,1.004141385,167.8352639,281963.2434Whitmore,HF,1,6,1998,0.3755,5.765,0.442740785,104.3586065,175322.4589,0.12,1.4355,0.045216,6.470473185,10870.39495,0.4205,7.7315,0.555215585,187.6969297,315330.8419Whitmore,HF,1,6,1999,0.303,6.068,0.28828026,115.6167594,194236.1558,0.117,1.5525,0.04298346,7.568204625,12714.58377,0.4955,8.227,0.770933585,212.5262811,357044.1522Whitmore,HF,1,6,2000,0.299,6.367,0.28071914,127.2914835,213849.6923,0.0825,1.635,0.021371625,8.3939265,14101.79652,0.419,8.646,0.55126154,234.7254122,394338.6925Whitmore,HF,1,6,2001,0.179,6.546,0.10060874,134.5493642,226042.9319,0.0345,1.6695,0.003737385,8.751902985,14703.19701,0.3815,9.0275,0.457002665,255.8966746,429906.4133Whitmore,HF,1,6,2002,0.225,6.771,0.1589625,143.9578247,241849.1455,0.043,1.7125,0.00580586,9.208540625,15470.34825,0.2135,9.241,0.143128265,268.1436943,450481.4064Whitmore,HF,1,6,2003,0.229,7,0.16466474,153.86,258484.8,0.089,1.8015,0.02487194,10.19056307,17120.14596,0.268,9.509,0.22552736,283.9221943,476989.2864Whitmore,HF,1,6,2004,0.161,7.161,0.08139194,161.0189519,270511.8392,0.0705,1.872,0.015606585,11.00376576,18486.32648,0.317,9.826,0.31553546,303.1678666,509322.0159Whitmore,HF,1,6,2005,0.2145,7.3755,0.144472185,170.8097208,286960.3309,0.018,1.89,0.00101736,11.216394,18843.54192,0.2315,10.0575,0.168279665,317.6213816,533603.9211Whitmore,HF,1,6,2006,0.1665,7.542,0.087047865,178.608739,300062.6815,0.06,1.95,0.011304,11.93985,20058.948,0.232,10.2895,0.16900736,332.4437642,558505.5239Whitmore,HF,1,6,2007,0.085,7.627,0.0226865,182.6573451,306864.3398,0,1.95,0,11.93985,20058.948,0.2265,10.516,0.161089065,347.2408438,583364.6176Whitmore,HF,1,7,1987,0,0,0,0,0,0.0995,0.0995,0.031086785,0.031086785,52.2257988,0,0,0,0,0Whitmore,HF,1,7,1988,0.1875,0.1875,0.110390625,0.110390625,185.45625,0.0845,0.184,0.022420385,0.10630784,178.5971712,0.6845,0.6845,1.471216385,1.471216385,2471.643527Whitmore,HF,1,7,1989,0.2885,0.476,0.261349265,0.71144864,1195.233715,0.094,0.278,0.02774504,0.24267176,407.6885568,0.598,1.2825,1.12287656,5.164691625,8676.68193Whitmore,HF,1,7,1990,0.591,1.067,1.09674234,3.57485546,6005.757173,0.095,0.373,0.0283385,0.43686506,733.9333008,0.6915,1.974,1.501460865,12.23556264,20555.74524Whitmore,HF,1,7,1991,0.503,1.57,0.79444826,7.739786,13002.84048,0.1375,0.5105,0.059365625,0.818316185,1374.771191,0.699,2.673,1.53420714,22.43507706,37690.92946Whitmore,HF,1,7,1992,0.5545,2.1245,0.965456585,14.17239079,23809.61653,0.099,0.6095,0.03077514,1.166479385,1959.685367,0.6845,3.3575,1.471216385,35.39661163,59466.30754Whitmore,HF,1,7,1993,0.6,2.7245,1.1304,23.30790679,39157.28341,0.155,0.7645,0.0754385,1.835205185,3083.144711,0.598,3.9555,1.12287656,49.12837799,82535.67502Whitmore,HF,1,7,1994,0.681,3.4055,1.45620954,36.41593099,61178.76406,0.064,0.8285,0.01286144,2.155334465,3620.961901,0.6915,4.647,1.501460865,67.80707226,113915.8814Whitmore,HF,1,7,1995,0.4525,3.858,0.642934625,46.73627496,78516.94193,0.107,0.9355,0.03594986,2.748003185,4616.645351,0.8355,5.4825,2.191909185,94.38151163,158560.9395Whitmore,HF,1,7,1996,0.488,4.346,0.74777216,59.30742824,99636.47944,0.083,1.0185,0.02163146,3.257254665,5472.187837,0.516,5.9985,0.83604384,112.9834871,189812.2583Whitmore,HF,1,7,1997,0.3685,4.7145,0.426387665,69.79124219,117249.2869,0.0965,1.115,0.029240465,3.9037265,6558.26052,0.595,6.5935,1.1116385,136.5091207,229335.3228Whitmore,HF,1,7,1998,0.2955,5.01,0.274185585,78.814314,132408.0475,0.08,1.195,0.020096,4.4839985,7533.11748,0.451,7.0445,0.63867914,155.822438,261781.6958Whitmore,HF,1,7,1999,0.2895,5.2995,0.263164185,88.18595879,148152.4108,0.071,1.266,0.01582874,5.03265384,8454.858451,0.392,7.4365,0.48250496,173.6468113,291726.643Whitmore,HF,1,7,2000,0.199,5.4985,0.12434714,94.93319707,159487.7711,0.047,1.313,0.00693626,5.41326266,9094.281269,0.3695,7.806,0.428704985,191.331617,321437.1166Whitmore,HF,1,7,2001,0.194,5.6925,0.11817704,101.7503066,170940.5151,0.0135,1.3265,0.000572265,5.525151065,9282.253789,0.2695,8.0755,0.228058985,204.7710188,344015.3116Whitmore,HF,1,7,2002,0.137,5.8295,0.05893466,106.7068406,179267.4922,0.0415,1.368,0.005407865,5.87627136,9872.135885,0.2405,8.316,0.181618385,217.1493878,364810.9715Whitmore,HF,1,7,2003,0.1,5.9295,0.0314,110.3991666,185470.5999,0.0445,1.4125,0.006217985,6.264790625,10524.84825,0.1505,8.4665,0.071121785,225.0802939,378134.8938Whitmore,HF,1,7,2004,0.139,6.0685,0.06066794,115.6358137,194268.167,0.0425,1.455,0.005671625,6.6474585,11167.73028,0.141,8.6075,0.06242634,232.6396366,390834.5895Whitmore,HF,1,7,2005,0.09,6.1585,0.025434,119.0911639,200073.1554,0.024,1.479,0.00180864,6.86856474,11539.18876,0.1835,8.791,0.105730865,242.6644783,407676.3235Whitmore,HF,1,7,2006,0.0895,6.248,0.025152185,122.5777626,205930.6412,0.039,1.518,0.00477594,7.23557736,12155.76996,0.1325,8.9235,0.055126625,250.0345961,420058.1214Whitmore,HF,1,7,2007,0.069,6.317,0.01494954,125.3000955,210504.1604,0,1.518,0,7.23557736,12155.76996,0.1135,9.037,0.040450265,256.4355387,430811.705Whitmore,HF,10,11,1987,0.08,0.08,0.020096,0.020096,33.76128,0.0685,0.0685,0.014733665,0.014733665,24.7525572,0,0,0,0,0Whitmore,HF,10,11,1988,0.5885,0.6685,1.087483265,1.403241665,2357.445997,0.1195,0.188,0.044839985,0.11098016,186.4466688,0.7605,0.7605,1.816051185,1.816051185,3050.965991Whitmore,HF,10,11,1989,0.511,1.1795,0.81991994,4.368431585,7338.965063,0.094,0.282,0.02774504,0.24970536,419.5050048,0.9195,1.68,2.654807985,8.862336,14888.72448Whitmore,HF,10,11,1990,0.6665,1.846,1.394857865,10.70022824,17976.38344,0.1385,0.4205,0.060232265,0.555215585,932.7621828,0.8065,2.4865,2.042388665,19.41362227,32614.88541Whitmore,HF,10,11,1991,0.7815,2.6275,1.917730665,21.67779463,36418.69498,0.17,0.5905,0.090746,1.094887385,1839.410807,0.5945,3.081,1.109770985,29.80664154,50075.15779Whitmore,HF,10,11,1992,0.637,3.2645,1.27411466,33.46285519,56217.59672,0.2285,0.819,0.163946465,2.10618954,3538.398427,0.7605,3.8415,1.816051185,46.33736387,77846.7713Whitmore,HF,10,11,1993,0.366,3.6305,0.42062184,41.38686499,69529.93318,0.235,1.054,0.1734065,3.48827624,5860.304083,0.9195,4.761,2.654807985,71.17475994,119573.5967Whitmore,HF,10,11,1994,0.758,4.3885,1.80413096,60.47304727,101594.7194,0.1065,1.1605,0.035614665,4.228827185,7104.429671,0.8065,5.5675,2.042388665,97.33075663,163515.6711Whitmore,HF,10,11,1995,0.624,5.0125,1.22264064,78.89299063,132540.2243,0.2325,1.393,0.169736625,6.09300986,10236.25656,0.9925,6.56,3.093076625,135.125504,227010.8467Whitmore,HF,10,11,1996,0.731,5.7435,1.67789354,103.5816677,174017.2017,0.192,1.585,0.11575296,7.8883865,13252.48932,0.7305,7.2905,1.675598985,166.8953654,280384.2139Whitmore,HF,10,11,1997,0.505,6.2485,0.8007785,122.5973821,205963.6019,0.132,1.717,0.05471136,9.25699946,15551.75909,0.9635,8.254,2.914963265,213.9235402,359391.5475Whitmore,HF,10,11,1998,0.4245,6.673,0.565828785,139.8208371,234899.0063,0.1645,1.8815,0.084969185,11.11573267,18674.43089,0.697,8.951,1.52544026,251.5780591,422651.1393Whitmore,HF,10,11,1999,0.3185,6.9915,0.318528665,153.4865669,257857.4324,0.11,1.9915,0.037994,12.45346687,20921.82434,0.5565,9.5075,0.972433665,283.8326266,476838.8127Whitmore,HF,10,11,2000,0.451,7.4425,0.63867914,173.9271316,292197.5811,0.133,2.1245,0.05554346,14.17239079,23809.61653,0.483,9.9905,0.73252746,313.4036834,526518.1881Whitmore,HF,10,11,2001,0.359,7.8015,0.40468634,191.1110831,321066.6196,0.0435,2.168,0.005941665,14.75870336,24794.62164,0.5605,10.551,0.986463185,349.5561071,587254.2599Whitmore,HF,10,11,2002,0.199,8.0005,0.12434714,200.9851208,337655.0029,0.041,2.209,0.00527834,15.32219834,25741.29321,0.4915,11.0425,0.758536865,382.8815716,643241.0403Whitmore,HF,10,11,2003,0.19,8.1905,0.113354,210.6446714,353883.048,0.0905,2.2995,0.025717385,16.60337879,27893.67637,0.242,11.2845,0.18389096,399.8474124,671743.6528Whitmore,HF,10,11,2004,0.2155,8.406,0.145822385,221.875025,372750.042,0.0435,2.343,0.005941665,17.23749786,28958.9964,0.2305,11.515,0.166828985,416.3490065,699466.3309Whitmore,HF,10,11,2005,0.1685,8.5745,0.089151665,230.8592378,387843.5195,0.0425,2.3855,0.005671625,17.86851619,30019.1072,0.3055,11.8205,0.293056985,438.7340516,737073.2067Whitmore,HF,10,11,2006,0.1525,8.727,0.073024625,239.1440611,401762.0226,0.051,2.4365,0.00816714,18.64071127,31316.39493,0.212,12.0325,0.14112416,454.6125166,763749.0279Whitmore,HF,10,11,2007,0.1295,8.8565,0.052658585,246.2940397,413773.9867,0,2.4365,0,18.64071127,31316.39493,0.195,12.2275,0.1193985,469.4669146,788704.4165Whitmore,HF,10,14,1987,0.3305,0.3305,0.342982985,0.342982985,576.2114148,0.1235,0.1235,0.047892065,0.047892065,80.4586692,0,0,0,0,0Whitmore,HF,10,14,1988,0.266,0.5965,0.22217384,1.117250465,1876.980781,0.178,0.3015,0.09948776,0.285433065,479.5275492,1.026,1.026,3.30540264,3.30540264,5553.076435Whitmore,HF,10,14,1989,0.553,1.1495,0.96024026,4.149039785,6970.386839,0.2055,0.507,0.132602985,0.80713386,1355.984885,0.939,1.965,2.76860394,12.1242465,20368.73412Whitmore,HF,10,14,1990,0.903,2.0525,2.56038426,13.22805463,22223.13178,0.123,0.63,0.04750506,1.246266,2093.72688,0.935,2.9,2.7450665,26.4074,44364.432Whitmore,HF,10,14,1991,0.7875,2.84,1.947290625,25.325984,42547.65312,0.152,0.782,0.07254656,1.92018536,3225.911405,1.2215,4.1215,4.685075465,53.33843347,89608.56823Whitmore,HF,10,14,1992,0.8145,3.6545,2.083108185,41.93586259,70452.24915,0.1205,0.9025,0.045593585,2.557549625,4296.68337,1.026,5.1475,3.30540264,83.19981463,139775.6886Whitmore,HF,10,14,1993,1.0415,4.696,3.406027865,69.24458624,116330.9049,0.181,1.0835,0.10286954,3.686272865,6192.938413,0.939,6.0865,2.76860394,116.3228143,195422.328Whitmore,HF,10,14,1994,0.827,5.523,2.14753706,95.78108106,160912.2162,0.1645,1.248,0.084969185,4.89056256,8216.145101,0.935,7.0215,2.7450665,154.8065915,260075.0737Whitmore,HF,10,14,1995,0.8605,6.3835,2.325045185,127.9520869,214959.506,0.168,1.416,0.08862336,6.29587584,10577.07141,0.991,8.0125,3.08373434,201.5884906,338668.6642Whitmore,HF,10,14,1996,0.7755,7.159,1.888396785,160.9290223,270360.7575,0.117,1.533,0.04298346,7.37927946,12397.18949,1.0285,9.041,3.321530465,256.6625983,431193.1651Whitmore,HF,10,14,1997,0.7365,7.8955,1.703237265,195.7442096,328850.2721,0.093,1.626,0.02715786,8.30177064,13946.97468,0.892,9.933,2.49838496,309.8064955,520474.9124Whitmore,HF,10,14,1998,0.7385,8.634,1.712500265,234.0743018,393244.827,0.1315,1.7575,0.054297665,9.698851625,16294.07073,0.8295,10.7625,2.160540585,363.7106156,611033.8342Whitmore,HF,10,14,1999,0.5525,9.1865,0.958504625,264.9901963,445183.5298,0.129,1.8865,0.05225274,11.17489027,18773.81565,0.87,11.6325,2.376666,424.8892766,713813.9847Whitmore,HF,10,14,2000,0.597,9.7835,1.11912426,300.5509789,504925.6446,0.094,1.9805,0.02774504,12.31627399,20691.3403,0.6815,12.314,1.458348665,476.1326314,799902.8208Whitmore,HF,10,14,2001,0.308,10.0915,0.29787296,319.7724889,537217.7814,0.0315,2.012,0.003115665,12.71117216,21354.76923,0.6905,13.0045,1.497121385,531.0274436,892126.1052Whitmore,HF,10,14,2002,0.3605,10.452,0.408075185,343.0271146,576285.5525,0.05,2.062,0.00785,13.35079016,22429.32747,0.3395,13.344,0.361917185,559.115735,939314.4348Whitmore,HF,10,14,2003,0.3575,10.8095,0.401311625,366.8942114,616382.2752,0.089,2.151,0.02487194,14.52815514,24407.30064,0.41,13.754,0.527834,594.0017002,997922.8563Whitmore,HF,10,14,2004,0.2245,11.034,0.158256785,382.2923498,642251.1477,0.071,2.222,0.01582874,15.50307176,26045.16056,0.4465,14.2005,0.625997465,633.1941888,1063766.237Whitmore,HF,10,14,2005,0.4015,11.4355,0.506175065,410.6198732,689841.387,0.013,2.235,0.00053066,15.6850065,26350.81092,0.2955,14.496,0.274185585,659.8208102,1108498.961Whitmore,HF,10,14,2006,0.248,11.6835,0.19312256,428.6231009,720086.8095,0.05,2.285,0.00785,16.3946465,27543.00612,0.4145,14.9105,0.539484185,698.0942522,1172798.344Whitmore,HF,10,14,2007,0.051,11.7345,0.00816714,432.3732594,726387.0758,0,2.285,0,16.3946465,27543.00612,0.2975,15.208,0.277909625,726.229449,1220065.474Whitmore,HF,10,17,1987,0.038,0.038,0.00453416,0.00453416,7.6173888,0.04,0.04,0.005024,0.005024,8.44032,0,0,0,0,0Whitmore,HF,10,17,1988,0.093,0.131,0.02715786,0.05388554,90.5277072,0.052,0.092,0.00849056,0.02657696,44.6492928,0.385,0.385,0.4654265,0.4654265,781.91652Whitmore,HF,10,17,1989,0.1835,0.3145,0.105730865,0.310578185,521.7713508,0.0675,0.1595,0.014306625,0.079882385,134.2024068,0.48,0.865,0.723456,2.3494265,3947.03652Whitmore,HF,10,17,1990,0.314,0.6285,0.30959144,1.240338465,2083.768621,0.072,0.2315,0.01627776,0.168279665,282.7098372,0.4015,1.2665,0.506175065,5.036629865,8461.538173Whitmore,HF,10,17,1991,0.406,1.0345,0.51758504,3.360397385,5645.467607,0.0805,0.312,0.020347985,0.30566016,513.5090688,0.4035,1.67,0.511230465,8.757146,14712.00528Whitmore,HF,10,17,1992,0.315,1.3495,0.3115665,5.718411785,9606.931799,0.071,0.383,0.01582874,0.46060346,773.8138128,0.385,2.055,0.4654265,13.2602985,22277.30148Whitmore,HF,10,17,1993,0.314,1.6635,0.30959144,8.689109265,14597.70357,0.1465,0.5295,0.067391465,0.880362585,1479.009143,0.48,2.535,0.723456,20.1783465,33899.62212Whitmore,HF,10,17,1994,0.456,2.1195,0.65291904,14.10575999,23697.67678,0.127,0.6565,0.05064506,1.353315665,2273.570317,0.4015,2.9365,0.506175065,27.07632127,45488.21973Whitmore,HF,10,17,1995,0.4635,2.583,0.674573265,20.94973146,35195.54885,0.0855,0.742,0.022954185,1.72877096,2904.335213,0.6205,3.557,1.208963585,39.72806186,66743.14392Whitmore,HF,10,17,1996,0.568,3.151,1.01303936,31.17643514,52376.41104,0.065,0.807,0.0132665,2.04492186,3435.468725,0.5555,4.1125,0.968941985,53.10574063,89217.64426Whitmore,HF,10,17,1997,0.34,3.491,0.362984,38.26743434,64289.28969,0.0525,0.8595,0.008654625,2.319644385,3897.002567,0.6435,4.756,1.300249665,71.02534304,119322.5763Whitmore,HF,10,17,1998,0.276,3.767,0.23919264,44.55750746,74856.61253,0.057,0.9165,0.01020186,2.637512865,4431.021613,0.3955,5.1515,0.491159585,83.32917007,139993.0057Whitmore,HF,10,17,1999,0.3335,4.1005,0.349237865,52.79627479,88697.74165,0.0635,0.98,0.012661265,3.015656,5066.30208,0.3265,5.478,0.334731065,94.22663976,158300.7548Whitmore,HF,10,17,2000,0.226,4.3265,0.16037864,58.77641107,98744.3706,0.039,1.019,0.00477594,3.26045354,5477.561947,0.398,5.876,0.49738856,108.4159606,182138.8138Whitmore,HF,10,17,2001,0.156,4.4825,0.07641504,63.09141163,105993.5715,0.0245,1.0435,0.001884785,3.419121665,5744.124397,0.2805,6.1565,0.247055985,119.0138257,199943.2272Whitmore,HF,10,17,2002,0.0935,4.576,0.027450665,65.75089664,110461.5064,0.0185,1.062,0.001074665,3.54143016,5949.602669,0.188,6.3445,0.11098016,126.393416,212340.9389Whitmore,HF,10,17,2003,0.0795,4.6555,0.019845585,68.05535599,114332.9981,0.0365,1.0985,0.004183265,3.789045065,6365.595709,0.11,6.4545,0.037994,130.8141906,219767.8402Whitmore,HF,10,17,2004,0.0935,4.749,0.027450665,70.81642314,118971.5909,0.0365,1.135,0.004183265,4.0450265,6795.64452,0.1055,6.56,0.034948985,135.125504,227010.8467Whitmore,HF,10,17,2005,0.0555,4.8045,0.009671985,72.48131159,121768.6035,0.0235,1.1585,0.001734065,4.214263865,7079.963293,0.138,6.698,0.05979816,140.8704606,236662.3738Whitmore,HF,10,17,2006,0.0415,4.846,0.005407865,73.73886824,123881.2986,0.0185,1.177,0.001074665,4.34993306,7307.887541,0.085,6.783,0.0226865,144.4685395,242707.1464Whitmore,HF,10,17,2007,0.044,4.89,0.00607904,75.083994,126141.1099,0,1.177,0,4.34993306,7307.887541,0.0555,6.8385,0.009671985,146.8423583,246695.1619Whitmore,HF,19,13,1987,0.1645,0.1645,0.084969185,0.084969185,142.7482308,0.051,0.051,0.00816714,0.00816714,13.7207952,0.016,4.3645,0.00080384,59.81342119,100486.5476Whitmore,HF,19,13,1988,0.1585,0.323,0.078883865,0.32759306,550.3563408,0.072,0.123,0.01627776,0.04750506,79.8085008,0,0,0,0,0Whitmore,HF,19,13,1989,0.4095,0.7325,0.526547385,1.684786625,2830.44153,0.1355,0.2585,0.057651185,0.209821865,352.5007332,0.683,0.683,1.46477546,1.46477546,2460.822773Whitmore,HF,19,13,1990,0.5675,1.3,1.011256625,5.3066,8915.088,0.1095,0.368,0.037649385,0.42523136,714.3886848,0.831,1.514,2.16836154,7.19749544,12091.79234Whitmore,HF,19,13,1991,0.7,2,1.5386,12.56,21100.8,0.133,0.501,0.05554346,0.78814314,1324.080475,0.828,2.342,2.15273376,17.22278696,28934.28209Whitmore,HF,19,13,1992,0.722,2.722,1.63683176,23.26515176,39085.45496,0.1125,0.6135,0.039740625,1.181840265,1985.491645,0.8545,3.1965,2.292734585,32.08330247,53899.94815Whitmore,HF,19,13,1993,0.716,3.438,1.60973984,37.11431016,62352.04107,0.1575,0.771,0.077891625,1.86654474,3135.795163,0.683,3.8795,1.46477546,47.25863359,79394.50443Whitmore,HF,19,13,1994,0.6585,4.0965,1.361573865,52.69332047,88524.77839,0.1045,0.8755,0.034289585,2.406810785,4043.442119,0.831,4.7105,2.16836154,69.67286419,117050.4118Whitmore,HF,19,13,1995,0.631,4.7275,1.25022554,70.17666463,117896.7966,0.1065,0.982,0.035614665,3.02797736,5087.001965,0.828,5.5385,2.15273376,96.31944427,161816.6664Whitmore,HF,19,13,1996,0.586,5.3135,1.07826344,88.65250627,148936.2105,0.1445,1.1265,0.065563985,3.984667065,6694.240669,0.809,6.3475,2.05507034,126.5129746,212541.7973Whitmore,HF,19,13,1997,0.5315,5.845,0.887025665,107.2750385,180222.0647,0.09,1.2165,0.025434,4.646798865,7806.622093,0.732,7.0795,1.68248736,157.3746656,264389.4382Whitmore,HF,19,13,1998,0.5225,6.3675,0.857239625,127.3114766,213883.2807,0.1145,1.331,0.041166185,5.56270154,9345.338587,0.709,7.7885,1.57841834,190.4746993,319997.4948Whitmore,HF,19,13,1999,0.44,6.8075,0.607904,145.5140566,244463.6151,0.0845,1.4155,0.022420385,6.291430385,10569.60305,0.6445,8.433,1.304293985,223.3026355,375148.4276Whitmore,HF,19,13,2000,0.38,7.1875,0.453416,162.2128906,272517.6562,0.126,1.5415,0.04985064,7.461337865,12535.04761,0.628,9.061,1.23836576,257.7994039,433102.9986Whitmore,HF,19,13,2001,0.3245,7.512,0.330642785,177.1906522,297680.2957,0.0385,1.58,0.004654265,7.838696,13169.00928,0.545,9.606,0.9326585,289.744241,486770.3249Whitmore,HF,19,13,2002,0.2945,7.8065,0.272332985,191.3561287,321478.2962,0.0545,1.6345,0.009326585,8.388793385,14093.17289,0.4775,10.0835,0.715939625,319.2656929,536366.3641Whitmore,HF,19,13,2003,0.34,8.1465,0.362984,208.3875515,350091.0865,0.0815,1.716,0.020856665,9.24621984,15533.64933,0.401,10.4845,0.50491514,345.1636844,579874.9898Whitmore,HF,19,13,2004,0.2985,8.445,0.279781065,223.9385985,376216.8455,0.064,1.78,0.01286144,9.948776,16713.94368,0.3365,10.821,0.355549265,367.6752887,617694.485Whitmore,HF,19,13,2005,0.3025,8.7475,0.287329625,240.2688946,403651.7429,0.0395,1.8195,0.004899185,10.39522199,17463.97294,0.4095,11.2305,0.526547385,396.029769,665330.0119Whitmore,HF,19,13,2006,0.2325,8.98,0.169736625,253.210856,425394.2381,0.0835,1.903,0.021892865,11.37122426,19103.65676,0.3765,11.607,0.445102065,423.0284899,710687.863Whitmore,HF,19,13,2007,0.1225,9.1025,0.047119625,260.1662896,437079.3665,0,1.903,0,11.37122426,19103.65676,0.346,11.953,0.37590824,448.6250163,753690.0274Whitmore,HF,19,16,1987,0.048,0.048,0.00723456,0.00723456,12.1540608,0.0155,0.0155,0.000754385,0.000754385,1.2673668,0.165,12.415,0.0854865,483.9751865,813078.3133Whitmore,HF,19,16,1988,0.0835,0.1315,0.021892865,0.054297665,91.2200772,0.049,0.0645,0.00753914,0.013063185,21.9461508,0,0,0,0,0Whitmore,HF,19,16,1989,0.5345,0.666,0.897067385,1.39276584,2339.846611,0.117,0.1815,0.04298346,0.103438665,173.7769572,0.5645,0.5645,1.000593185,1.000593185,1680.996551Whitmore,HF,19,16,1990,0.434,1.1,0.59143784,3.7994,6382.992,0.131,0.3125,0.05388554,0.306640625,515.15625,0.642,1.2065,1.29419496,4.570716665,7678.803997Whitmore,HF,19,16,1991,0.4505,1.5505,0.637263785,7.548717785,12681.84588,0.192,0.5045,0.11575296,0.799193585,1342.645223,0.614,1.8205,1.18376744,10.40665159,17483.17467Whitmore,HF,19,16,1992,0.533,2.0835,0.89203946,13.63065287,22899.49682,0.0815,0.586,0.020856665,1.07826344,1811.482579,0.7745,2.595,1.883529785,21.1448385,35523.32868Whitmore,HF,19,16,1993,0.6195,2.703,1.205069985,22.94149626,38541.71372,0.1555,0.7415,0.075925985,1.726441865,2900.422333,0.5645,3.1595,1.000593185,31.34486239,52659.36882Whitmore,HF,19,16,1994,0.679,3.382,1.44766874,35.91508136,60337.33668,0.0945,0.836,0.028040985,2.19453344,3686.816179,0.642,3.8015,1.29419496,45.37740307,76234.03716Whitmore,HF,19,16,1995,0.5155,3.8975,0.834424385,47.69818963,80132.95858,0.115,0.951,0.0415265,2.83981914,4770.896155,0.614,4.4155,1.18376744,61.21945039,102848.6767Whitmore,HF,19,16,1996,0.4655,4.363,0.680407385,59.77231466,100417.4886,0.0895,1.0405,0.025152185,3.399490385,5711.143847,0.773,5.1885,1.87624106,84.53047127,142011.1917Whitmore,HF,19,16,1997,0.345,4.708,0.3737385,69.59892896,116926.2007,0.074,1.1145,0.01719464,3.900226185,6552.379991,0.6305,5.819,1.248244985,106.3227895,178622.2864Whitmore,HF,19,16,1998,0.256,4.964,0.20578304,77.37366944,129987.7647,0.091,1.2055,0.02600234,4.563142985,7666.080215,0.555,6.374,0.9671985,127.5715306,214320.1714Whitmore,HF,19,16,1999,0.1875,5.1515,0.110390625,83.32917007,139993.0057,0.0925,1.298,0.026866625,5.29028456,8887.678061,0.4185,6.7925,0.549946665,144.8734966,243387.4743Whitmore,HF,19,16,2000,0.153,5.3045,0.07350426,88.35244159,148432.1019,0.064,1.362,0.01286144,5.82483816,9785.728109,0.347,7.1395,0.37808426,160.0535252,268889.9223Whitmore,HF,19,16,2001,0.1705,5.475,0.091280585,94.1234625,158127.417,0.046,1.408,0.00664424,6.22493696,10457.89409,0.28,7.4195,0.246176,172.853798,290394.3806Whitmore,HF,19,16,2002,0.1065,5.5815,0.035614665,97.82086667,164339.056,0.0235,1.4315,0.001734065,6.434463665,10809.89896,0.217,7.6365,0.14785946,183.1126553,307629.2609Whitmore,HF,19,16,2003,0.0885,5.67,0.024593265,100.947546,169591.8773,0.02,1.4515,0.001256,6.615516065,11114.06699,0.2165,7.853,0.147178865,193.6425723,325319.5215Whitmore,HF,19,16,2004,0.12,5.79,0.045216,105.265674,176846.3323,0.044,1.4955,0.00607904,7.022673585,11798.09162,0.13,7.983,0.053066,200.1068275,336179.4702Whitmore,HF,19,16,2005,0.078,5.868,0.01910376,108.1209514,181643.1984,0.025,1.5205,0.0019625,7.259429585,12195.8417,0.1085,8.0915,0.036964865,205.5832489,345379.8582Whitmore,HF,19,16,2006,0.0825,5.9505,0.021371625,111.1825338,186786.6568,0.012,1.5325,0.00045216,7.374466625,12389.10393,0.164,8.2555,0.08445344,214.0013,359522.184Whitmore,HF,19,16,2007,0.053,6.0035,0.00882026,113.1719185,190128.8231,0,1.5325,0,7.374466625,12389.10393,0.1025,8.358,0.032989625,219.348355,368505.2364Whitmore,HF,19,18,1987,0.17,0.17,0.090746,0.090746,152.45328,0.053,0.053,0.00882026,0.00882026,14.8180368,0.053,8.5055,0.00882026,227.158685,381626.5908Whitmore,HF,19,18,1988,0.4775,0.6475,0.715939625,1.316464625,2211.66057,0.0915,0.1445,0.026288865,0.065563985,110.1474948,0,0,0,0,0Whitmore,HF,19,18,1989,1.1155,1.763,3.907228385,9.75965066,16396.21311,0.239,0.3835,0.17935994,0.461806865,775.8355332,1.4345,1.4345,6.461461385,6.461461385,10855.25513Whitmore,HF,19,18,1990,1.2015,2.9645,4.532911065,27.59513719,46359.83048,0.233,0.6165,0.17046746,1.193426865,2004.957133,0.785,2.2195,1.9349465,15.46820599,25986.58606Whitmore,HF,19,18,1991,0.565,3.5295,1.0023665,39.11614259,65715.11955,0.22,0.8365,0.151976,2.197159265,3691.227565,0.745,2.9645,1.7427785,27.59513719,46359.83048Whitmore,HF,19,18,1992,0.6005,4.13,1.132284785,53.558666,89978.55888,0.1445,0.981,0.065563985,3.02181354,5076.646747,0.683,3.6475,1.46477546,41.77536463,70182.61258Whitmore,HF,19,18,1993,0.534,4.664,0.89538984,68.30409344,114750.877,0.149,1.13,0.06971114,4.009466,6735.90288,1.4345,5.082,6.461461385,81.09591336,136241.1344Whitmore,HF,19,18,1994,0.694,5.358,1.51233704,90.14363496,151441.3067,0.131,1.261,0.05388554,4.99297994,8388.206299,0.785,5.867,1.9349465,108.0841035,181581.2939Whitmore,HF,19,18,1995,0.728,6.086,1.66414976,116.3037034,195390.2217,0.136,1.397,0.05807744,6.12805226,10295.1278,0.745,6.612,1.7427785,137.2762282,230624.0634Whitmore,HF,19,18,1996,0.582,6.668,1.06359336,139.6113834,234547.1241,0.123,1.52,0.04750506,7.254656,12187.82208,0.8245,7.4365,2.134572785,173.6468113,291726.643Whitmore,HF,19,18,1997,0.4745,7.1425,0.706971785,160.1880616,269115.9435,0.097,1.617,0.02954426,8.21012346,13793.00741,0.864,8.3005,2.34399744,216.3406628,363452.3135Whitmore,HF,19,18,1998,0.465,7.6075,0.6789465,181.7245366,305297.2215,0.141,1.758,0.06242634,9.70437096,16303.34321,0.705,9.0055,1.5606585,254.650955,427813.6044Whitmore,HF,19,18,1999,0.476,8.0835,0.71144864,205.1769329,344697.2473,0.1125,1.8705,0.039740625,10.98613859,18456.71283,0.5715,9.577,1.025562465,287.9974371,483835.6943Whitmore,HF,19,18,2000,0.3715,8.455,0.433358465,224.4692585,377108.3543,0.091,1.9615,0.02600234,12.08109427,20296.23837,0.6055,10.1825,1.151218985,325.5655816,546950.1771Whitmore,HF,19,18,2001,0.2535,8.7085,0.201783465,238.1312329,400060.4713,0.042,2.0035,0.00553896,12.60399847,21174.71743,0.5885,10.771,1.087483265,364.2853447,611999.3791Whitmore,HF,19,18,2002,0.3295,9.038,0.340910585,256.4922942,430907.0543,0.058,2.0615,0.01056296,13.34431627,22418.45133,0.4625,11.2335,0.671665625,396.2413799,665685.5182Whitmore,HF,19,18,2003,0.302,9.34,0.28638056,273.919784,460185.2371,0.1145,2.176,0.041166185,14.86782464,24977.9454,0.2955,11.529,0.274185585,417.3620207,701168.1948Whitmore,HF,19,18,2004,0.2365,9.5765,0.175627265,287.9673661,483785.175,0.0565,2.2325,0.010023665,15.64993663,26291.89354,0.387,11.916,0.47027466,445.8519158,749031.2185Whitmore,HF,19,18,2005,0.279,9.8555,0.24442074,304.990964,512384.8195,0.0665,2.299,0.013885865,16.59615914,27881.54736,0.416,12.332,0.54339584,477.5256234,802243.0473Whitmore,HF,19,18,2006,0.1625,10.018,0.082915625,315.1314174,529420.7812,0.0695,2.3685,0.015166985,17.61474767,29592.77609,0.293,12.625,0.26956586,500.4865625,840817.425Whitmore,HF,19,18,2007,0.0585,10.0765,0.010745865,318.8225761,535621.9278,0,2.3685,0,17.61474767,29592.77609,0.345,12.97,0.3737385,528.213626,887398.8917